# Arcade, one player: Mirror Jungle in Rain weather, car 6 (Automatic transmission), driven on the computer driver's racing line.
#
# Written by n64/tools/n64drive.py (plan 'arc_mjungle_rain_car6'); the driver saw:
#   TOP GEAR RALLY: row 2
#   TRACK SELECT: row 2
#   P1 car 1
#   cheats: cars car9 car10 car11 car12 car15 tracks mirrors
#   TOP GEAR RALLY: row 1
#   1P/2P SELECT: row 0
#   TRACK SELECT: row 9
#   WEATHER SELECT: row 2
#   P1 car 6 handling=Type 1 transmission=Automatic tires=Slippy suspension=Normal
#   race 2400 frames (race over); P1 drove 0.16 laps
frames 5589
0 -
80 A
88 -
294 START
302 -
456 - 80 0
464 -
488 - 80 0
496 -
532 A
540 -
590 A
598 -
696 START
720 -
734 A
758 -
772 A
796 -
810 A
834 -
848 A
872 -
886 A
916 -
964 A
972 -
980 DL
988 -
996 DL
1004 -
1012 CD
1020 -
1028 A
1036 -
1044 DR
1052 -
1060 Z
1068 -
1084 DU
1092 -
1100 DU
1108 -
1116 Z
1124 -
1132 B
1140 -
1148 A
1156 -
1164 DL
1172 -
1180 DL
1188 -
1204 DD
1212 -
1220 A
1228 -
1236 DR
1244 -
1252 Z
1260 -
1268 DR
1276 -
1284 DU
1292 -
1300 CD
1308 -
1324 CD
1332 -
1340 DU
1348 -
1356 B
1364 -
1372 DR
1380 -
1388 A
1396 -
1404 CD
1412 -
1420 A
1428 -
1436 DR
1444 -
1460 B
1468 -
1476 B
1484 -
1492 A
1500 -
1508 DL
1516 -
1524 DL
1532 -
1540 CD
1548 -
1556 A
1564 -
1572 DR
1580 -
1596 DR
1604 -
1612 DU
1620 -
1628 DL
1636 -
1644 CD
1652 -
1660 CD
1668 -
1676 A
1684 -
1692 DR
1700 -
1708 Z
1716 -
1732 A
1740 -
1748 DL
1756 -
1764 DL
1772 -
1780 DR
1788 -
1796 DD
1804 -
1812 Z
1820 -
1836 DR
1844 -
1852 DU
1860 -
1868 DL
1876 -
1884 CD
1892 -
1900 DR
1908 -
1916 DD
1924 -
1932 Z
1940 -
1948 START
1956 -
2016 DU
2024 -
2064 START
2072 -
2108 - -80 0
2116 -
2152 A
2160 -
2210 A
2218 -
2256 - 80 0
2264 -
2288 - 80 0
2296 -
2320 - 80 0
2328 -
2352 - 80 0
2360 -
2384 - 80 0
2392 -
2416 - 80 0
2424 -
2448 - 80 0
2456 -
2492 A
2500 -
2538 - 80 0
2546 -
2570 - 80 0
2578 -
2614 A
2622 -
2720 - 80 0
2744 -
2758 - 80 0
2782 -
2796 - 80 0
2820 -
2834 - 80 0
2858 -
2872 - 80 0
2896 -
2910 A
2934 -
2948 A
2972 -
2986 A
3010 -
3024 - 80 0
3048 -
3062 A
3086 -
3100 A
3124 -
3138 A
3168 -
3188 A 18 0
3468 A 19 0
3476 A 13 0
3492 A 14 0
3504 A 9 0
3506 A 6 0
3518 A 7 0
3524 A 4 0
3532 A 5 0
3538 A 3 0
3550 A 2 0
3560 A
3572 A -1 0
3580 A
3590 A 1 0
3596 A 2 0
3598 A 3 0
3606 A 5 0
3612 A 6 0
3618 A 7 0
3634 A 6 0
3640 A 5 0
3646 A 4 0
3650 A 3 0
3652 A 2 0
3654 A 1 0
3656 A
3660 A -1 0
3662 A -2 0
3666 A -4 0
3668 A -5 0
3670 A -6 0
3672 A -7 0
3674 A -9 0
3676 A -10 0
3678 A -12 0
3680 A -13 0
3682 - -15 0
3684 A -16 0
3686 A -18 0
3688 A -19 0
3690 A -21 0
3692 A -14 0
3694 A -15 0
3696 A -17 0
3698 A -10 0
3700 A -11 0
3702 A -12 0
3704 A -6 0
3708 A -1 0
3714 A 3 0
3718 B 7 0
3720 B 8 0
3724 A 12 0
3726 B 13 0
3728 B 16 0
3730 B 17 0
3732 A 16 0
3734 - 19 0
3736 - 20 0
3738 - 22 0
3740 - 23 0
3742 - 24 0
3744 - 25 0
3746 - 26 0
3748 - 27 0
3752 - 28 0
3754 - 29 0
3756 - 28 0
3758 - 29 0
3760 - 30 0
3762 - 28 0
3764 - 29 0
3766 - 30 0
3768 - 39 0
3770 - 40 0
3772 - 41 0
3774 - 48 0
3776 - 49 0
3778 - 51 0
3780 - 55 0
3782 - 56 0
3784 - 57 0
3786 - 59 0
3788 A 60 0
3790 A 61 0
3792 A 62 0
3794 A 61 0
3798 A 62 0
3800 A 58 0
3802 A 57 0
3810 A 50 0
3816 A 42 0
3822 A 33 0
3824 A 32 0
3830 A 22 0
3836 A 20 0
3842 A 17 0
3844 A 18 0
3848 A 14 0
3852 A 15 0
3854 A 10 0
3858 A 11 0
3860 A 6 0
3866 A 1 0
3870 A 2 0
3872 A 3 0
3876 A 4 0
3878 A -2 0
3880 A -1 0
3882 A
3884 A -7 0
3888 A -6 0
3890 A -13 0
3896 A -20 0
3902 A -26 0
3908 A -32 0
3912 A -37 0
3914 A -40 0
3916 A -41 0
3920 A -44 0
3924 A -45 0
3926 A -47 0
3930 A -46 0
3932 A -45 0
3936 A -42 0
3940 A -41 0
3942 A -38 0
3944 A -37 0
3946 A -33 0
3950 A -32 0
3952 A -28 0
3954 A -27 0
3956 A -22 0
3962 A -16 0
3966 A -10 0
3970 A -4 0
3972 A -3 0
3974 A 1 0
3976 A 2 0
3978 A 7 0
3980 A 8 0
3982 A 13 0
3984 A 14 0
3988 A 20 0
3992 A 25 0
3994 A 26 0
3996 A 30 0
3998 A 34 0
4000 A 38 0
4004 A 41 0
4006 A 42 0
4008 A 44 0
4012 A 45 0
4014 A 46 0
4018 A 47 0
4024 A 46 0
4026 A 45 0
4030 A 43 0
4034 A 41 0
4036 A 40 0
4038 A 37 0
4042 A 33 0
4046 A 29 0
4050 A 24 0
4052 A 23 0
4054 A 18 0
4056 A 13 0
4060 A 8 0
4062 A 7 0
4064 A 2 0
4068 A -2 0
4070 A -3 0
4072 A -8 0
4076 A -13 0
4078 A -14 0
4080 A -18 0
4082 A -19 0
4084 A -24 0
4088 A -28 0
4092 A -32 0
4096 A -36 0
4100 A -39 0
4104 A -41 0
4108 A -43 0
4112 A -44 0
4116 A -45 0
4122 A -44 0
4124 A -43 0
4126 A -41 0
4128 A -40 0
4130 A -38 0
4132 A -37 0
4134 A -34 0
4136 A -33 0
4138 A -29 0
4140 A -26 0
4142 A -25 0
4144 A -21 0
4146 A -20 0
4148 A -16 0
4150 A -15 0
4152 A -11 0
4154 A -6 0
4158 A -1 0
4162 A 2 0
4164 A 3 0
4166 A 7 0
4168 A 11 0
4170 A 12 0
4172 A 16 0
4174 A 17 0
4176 A 21 0
4178 A 16 0
4180 A 21 0
4184 A 25 0
4186 B 24 0
4188 B 29 0
4190 B 33 0
4192 B 32 0
4194 - 36 0
4196 - 35 0
4198 - 34 0
4200 - 37 0
4202 - 36 0
4204 - 39 0
4206 - 38 0
4208 - 41 0
4210 - 40 0
4212 - 42 0
4214 - 41 0
4216 - 42 0
4218 - 38 0
4220 - 37 0
4222 - 39 0
4224 - 38 0
4226 - 34 0
4228 - 32 0
4230 - 28 0
4232 - 27 0
4234 - 26 0
4236 A 21 0
4238 - 20 0
4240 A 15 0
4242 - 14 0
4244 B 10 0
4246 B 9 0
4248 B 8 0
4250 B 3 0
4254 B -1 0
4258 B -5 0
4260 B -6 0
4262 - -7 0
4266 - -8 0
4268 - -12 0
4270 - -13 0
4274 - -17 0
4276 - -18 0
4280 - -22 0
4284 - -23 0
4286 - -26 0
4288 - -27 0
4292 - -29 0
4294 - -30 0
4298 - -32 0
4300 - -33 0
4304 - -34 0
4306 - -35 0
4308 - -36 0
4310 - -37 0
4312 - -38 0
4316 - -54 0
4318 - -55 0
4320 - -56 0
4322 - -70 0
4324 - -72 0
4326 - -74 0
4328 - -80 0
4334 B -80 0
4362 A -80 0
4370 A -79 0
4372 A -77 0
4374 A -75 0
4376 A -73 0
4378 A -71 0
4380 A -56 0
4382 A -54 0
4384 A -52 0
4386 A -50 0
4388 A -48 0
4390 A -33 0
4392 A -31 0
4394 A -29 0
4396 A -27 0
4398 A -26 0
4400 A -11 0
4402 A -9 0
4404 A -8 0
4406 A -6 0
4408 A -5 0
4410 A 8 0
4412 A 10 0
4414 A 11 0
4416 A 12 0
4418 A 13 0
4420 A 27 0
4422 A 28 0
4424 A 29 0
4426 A 30 0
4428 A 31 0
4430 A 45 0
4432 A 46 0
4434 A 47 0
4436 A 48 0
4438 A 49 0
4440 A 61 0
4442 A 63 0
4444 A 64 0
4446 A 65 0
4448 A 66 0
4450 A 76 0
4452 A 77 0
4454 A 78 0
4456 A 79 0
4458 A 80 0
4468 B 80 0
4478 A 80 0
4488 A 76 0
4490 A 74 0
4492 A 72 0
4494 A 70 0
4496 A 61 0
4498 A 58 0
4500 A 56 0
4502 A 54 0
4504 A 52 0
4506 A 40 0
4508 A 38 0
4510 A 36 0
4512 A 12 0
4514 A 9 0
4516 A 7 0
4518 A 6 0
4520 A -18 0
4522 A -20 0
4524 A -21 0
4526 A -23 0
4528 - -47 0
4530 - -49 0
4532 - -52 0
4534 - -53 0
4536 - -76 0
4538 - -78 0
4540 - -80 0
4542 B -80 0
4554 A -80 0
4558 B -80 0
4560 A -80 0
4566 B -80 0
4568 A -80 0
4572 B -80 0
4574 A -80 0
4578 B -80 0
4580 A -80 0
4582 B -80 0
4584 A -80 0
4588 B -80 0
4590 A -80 0
4592 B -80 0
4594 A -80 0
4598 B -80 0
4600 A -80 0
4604 B -80 0
4606 A -80 0
4612 B -80 0
4614 A -80 0
4630 A -78 0
4632 A -77 0
4634 A -78 0
4636 A -80 0
4642 A -68 0
4644 A -69 0
4646 A -67 0
4648 A -66 0
4650 A -64 0
4652 A -63 0
4654 A -62 0
4656 A -63 0
4658 A -64 0
4660 A -65 0
4662 A -67 0
4664 A -70 0
4666 A -72 0
4668 A -75 0
4670 A -78 0
4672 A -80 0
4686 A -55 0
4688 A -54 0
4690 A -53 0
4696 A -52 0
4698 A -32 0
4700 A -31 0
4704 A -30 0
4710 A -14 0
4712 A -13 0
4716 A -12 0
4726 A 2 0
4728 A 3 0
4734 A 4 0
4738 A 5 0
4740 A 21 0
4742 A 22 0
4744 A 23 0
4750 A 24 0
4752 A 26 0
4756 A 25 0
4768 A 24 0
4772 A 23 0
4778 A 22 0
4780 A 21 0
4782 A 20 0
4784 A 14 0
4788 A 9 0
4790 A 8 0
4792 A 7 0
4796 A 2 0
4798 A 1 0
4802 A -3 0
4806 A -4 0
4810 A -9 0
4814 A -10 0
4818 A -15 0
4820 A -16 0
4822 A -19 0
4824 A -20 0
4826 A -21 0
4828 A -24 0
4830 A -25 0
4832 A -26 0
4834 A -30 0
4836 A -31 0
4838 A -32 0
4840 A -36 0
4842 A -37 0
4844 A -39 0
4846 A -43 0
4848 A -44 0
4850 A -46 0
4852 A -47 0
4858 A -48 0
4860 A -47 0
4864 A -48 0
4866 A -46 0
4868 A -47 0
4870 A -45 0
4872 A -46 0
4876 A -40 0
4878 A -28 0
4880 A -23 0
4882 A -22 0
4884 A -25 0
4888 A -27 0
4890 A -29 0
4892 A -26 0
4894 A -27 0
4896 A -23 0
4898 A -24 0
4902 A -20 0
4906 A -17 0
4908 A -14 0
4910 A -11 0
4914 A -8 0
4918 A -5 0
4924 A -2 0
4928 A
4932 A 2 0
4936 A 5 0
4940 A 8 0
4942 A 9 0
4944 A 12 0
4948 A 15 0
4950 A 16 0
4952 A 19 0
4954 A 20 0
4956 A 22 0
4958 A 23 0
4960 A 25 0
4962 A 27 0
4964 A 29 0
4966 A 30 0
4968 A 32 0
4972 A 33 0
4974 A 32 0
4978 A 31 0
4980 A 33 0
4982 A 32 0
4984 B 31 0
4988 B 32 0
4990 B 29 0
4994 B 26 0
4996 - 26 0
4998 - 22 0
5002 B 18 0
5004 - 18 0
5006 - 13 0
5010 B 9 0
5014 B 4 0
5016 B 9 0
5018 B 4 0
5020 B 5 0
5022 B -3 0
5028 B -12 0
5032 B -20 0
5036 - -21 0
5042 - -29 0
5046 - -30 0
5048 - -37 0
5050 - -38 0
5054 - -44 0
5056 - -45 0
5058 - -50 0
5062 - -51 0
5064 - -54 0
5066 - -55 0
5070 - -56 0
5072 - -58 0
5078 - -65 0
5080 - -66 0
5084 - -71 0
5086 - -70 0
5092 - -71 0
5094 - -70 0
5096 - -69 0
5098 A -67 0
5100 A -65 0
5102 A -64 0
5104 - -59 0
5106 A -56 0
5108 A -54 0
5110 A -53 0
5112 A -46 0
5114 A -44 0
5116 A -42 0
5118 A -41 0
5120 A -40 0
5122 A -31 0
5124 A -30 0
5126 A -31 0
5128 A -25 0
5130 A -29 0
5132 A -35 0
5134 A -31 0
5136 A -36 0
5138 A -41 0
5140 A -46 0
5142 A -52 0
5144 A -56 0
5146 A -57 0
5148 A -61 0
5150 A -65 0
5152 A -66 0
5154 A -71 0
5156 A -76 0
5158 A -80 0
5168 B -80 0
5184 A -80 0
5186 A -66 0
5188 A -64 0
5190 A -62 0
5192 A -61 0
5194 A -48 0
5196 A -45 0
5198 A -41 0
5200 A -37 0
5202 A -21 0
5204 A -17 0
5206 A -12 0
5208 A -9 0
5210 A 4 0
5212 A 6 0
5214 A 7 0
5216 A 9 0
5218 A 22 0
5220 A 23 0
5222 A 25 0
5224 A 26 0
5226 A 27 0
5228 A 34 0
5230 A 35 0
5232 A 36 0
5234 A 37 0
5236 A 43 0
5238 A 44 0
5240 A 45 0
5242 A 46 0
5244 A 53 0
5248 A 54 0
5250 A 57 0
5254 A 58 0
5256 A 59 0
5258 A 60 0
5260 A 61 0
5264 A 62 0
5266 A 61 0
5268 A 60 0
5272 A 56 0
5274 A 55 0
5278 A 44 0
5280 A 43 0
5284 A 32 0
5286 A 31 0
5288 A 30 0
5290 A 19 0
5292 A 18 0
5296 A 7 0
5298 A 6 0
5300 A -10 0
5302 A -12 0
5304 A -14 0
5306 A -22 0
5308 A -29 0
5310 A -31 0
5312 A -33 0
5314 A -40 0
5316 A -41 0
5318 A -47 0
5320 A -49 0
5322 A -50 0
5324 A -54 0
5326 A -56 0
5330 A -60 0
5334 A -62 0
5336 A -63 0
5340 A -59 0
5342 A -58 0
5344 A -53 0
5346 A -51 0
5348 A -50 0
5350 A -44 0
5352 A -42 0
5354 A -41 0
5356 A -34 0
5358 A -33 0
5360 A -26 0
5362 A -24 0
5364 A -23 0
5366 A -16 0
5368 - -15 0
5370 - -7 0
5372 - -6 0
5374 -
5376 - 1 0
5378 - 8 0
5380 - 6 0
5406 A -11 0
5408 A -80 0
5560 A 0 -80
5562 A 80 -80
5588 -
