# Arcade, one player: Mirror Mountain in Night weather, car 0 (Automatic transmission), driven on the computer driver's racing line.
#
# Written by n64/tools/n64drive.py (plan 'arc_mmountain_night_car0'); the driver saw:
#   TOP GEAR RALLY: row 2
#   TRACK SELECT: row 2
#   P1 car 1
#   cheats: cars car9 car10 car11 car12 car15 tracks mirrors
#   TOP GEAR RALLY: row 1
#   1P/2P SELECT: row 0
#   TRACK SELECT: row 6
#   WEATHER SELECT: row 4
#   P1 car 0 handling=Type 1 transmission=Automatic tires=Grippy suspension=Normal
#   race 2400 frames; P1 drove 0.15 laps
frames 5689
0 -
80 A
88 -
294 START
302 -
456 - 80 0
464 -
488 - 80 0
496 -
532 A
540 -
590 A
598 -
696 START
720 -
734 A
758 -
772 A
796 -
810 A
834 -
848 A
872 -
886 A
916 -
964 A
972 -
980 DL
988 -
996 DL
1004 -
1012 CD
1020 -
1028 A
1036 -
1044 DR
1052 -
1060 Z
1068 -
1084 DU
1092 -
1100 DU
1108 -
1116 Z
1124 -
1132 B
1140 -
1148 A
1156 -
1164 DL
1172 -
1180 DL
1188 -
1204 DD
1212 -
1220 A
1228 -
1236 DR
1244 -
1252 Z
1260 -
1268 DR
1276 -
1284 DU
1292 -
1300 CD
1308 -
1324 CD
1332 -
1340 DU
1348 -
1356 B
1364 -
1372 DR
1380 -
1388 A
1396 -
1404 CD
1412 -
1420 A
1428 -
1436 DR
1444 -
1460 B
1468 -
1476 B
1484 -
1492 A
1500 -
1508 DL
1516 -
1524 DL
1532 -
1540 CD
1548 -
1556 A
1564 -
1572 DR
1580 -
1596 DR
1604 -
1612 DU
1620 -
1628 DL
1636 -
1644 CD
1652 -
1660 CD
1668 -
1676 A
1684 -
1692 DR
1700 -
1708 Z
1716 -
1732 A
1740 -
1748 DL
1756 -
1764 DL
1772 -
1780 DR
1788 -
1796 DD
1804 -
1812 Z
1820 -
1836 DR
1844 -
1852 DU
1860 -
1868 DL
1876 -
1884 CD
1892 -
1900 DR
1908 -
1916 DD
1924 -
1932 Z
1940 -
1948 START
1956 -
2016 DU
2024 -
2064 START
2072 -
2108 - -80 0
2116 -
2152 A
2160 -
2210 A
2218 -
2256 - 80 0
2264 -
2288 - 80 0
2296 -
2320 - 80 0
2328 -
2352 - 80 0
2360 -
2396 A
2404 -
2442 - -80 0
2450 -
2486 A
2494 -
2592 - 80 0
2616 -
2630 - 80 0
2654 -
2668 - 80 0
2692 -
2706 - 80 0
2730 -
2744 - 80 0
2768 -
2782 - 80 0
2806 -
2820 - 80 0
2844 -
2858 - 80 0
2882 -
2896 - 80 0
2920 -
2934 - 80 0
2958 -
2972 - 80 0
2996 -
3010 - 80 0
3034 -
3048 A
3072 -
3086 A
3110 -
3124 A
3148 -
3162 A
3186 -
3200 A
3224 -
3238 A
3268 -
3288 A 13 0
3570 A 14 0
3606 A 9 0
3614 A 10 0
3624 A 6 0
3632 A 7 0
3634 A 4 0
3636 A 5 0
3648 A 6 0
3650 A 4 0
3662 A 5 0
3666 A 3 0
3672 A 4 0
3678 A 3 0
3690 A 2 0
3696 A 1 0
3712 A 2 0
3722 A 3 0
3728 A 4 0
3734 A 5 0
3742 A 6 0
3750 A 7 0
3762 A 8 0
3764 A 7 0
3768 A 8 0
3776 A 9 0
3806 A 8 0
3810 A 9 0
3812 A 8 0
3818 A 7 0
3820 A 8 0
3824 A 7 0
3830 A 6 0
3832 A 7 0
3836 A 6 0
3848 A 5 0
3850 A 6 0
3852 A 5 0
3860 A 4 0
3868 A 3 0
3870 A 4 0
3874 A 3 0
3876 A 4 0
3878 A 3 0
3884 A 5 0
3886 A 6 0
3888 A 7 0
3894 A 9 0
3898 A 10 0
3904 A 11 0
3912 B 12 0
3922 A 12 0
3924 B 11 0
3928 - 12 0
3930 - 11 0
3932 - 12 0
3934 - 13 0
3938 - 14 0
3940 - 15 0
3944 - 16 0
3948 - 17 0
3954 - 18 0
3958 - 19 0
3964 - 20 0
3966 B 19 0
3968 B 20 0
3972 - 19 0
3974 - 20 0
3978 B 19 0
3980 - 19 0
3982 - 20 0
3984 - 18 0
3986 A 18 0
3988 - 19 0
3992 A 17 0
3994 - 17 0
3996 - 18 0
3998 A 26 0
4000 - 27 0
4002 A 27 0
4004 - 34 0
4006 - 35 0
4008 A 36 0
4010 - 37 0
4012 - 41 0
4014 A 43 0
4016 - 44 0
4018 A 46 0
4020 - 47 0
4022 - 48 0
4024 A 48 0
4026 - 48 0
4028 A 49 0
4030 - 49 0
4032 - 59 0
4034 A 59 0
4036 - 59 0
4038 A 60 0
4040 A 66 0
4042 - 66 0
4044 A 65 0
4048 - 67 0
4050 A 65 0
4052 A 63 0
4054 A 61 0
4056 A 59 0
4058 A 55 0
4060 A 52 0
4062 A 48 0
4064 A 44 0
4066 A 41 0
4068 A 39 0
4070 A 38 0
4072 A 36 0
4074 A 33 0
4076 A 31 0
4078 A 32 0
4080 A 38 0
4082 A 44 0
4084 A 47 0
4086 A 51 0
4088 A 56 0
4092 A 59 0
4094 A 62 0
4096 A 60 0
4098 A 62 0
4100 A 63 0
4102 A 60 0
4104 A 63 0
4106 A 68 0
4108 A 72 0
4110 A 70 0
4112 A 72 0
4114 A 73 0
4116 A 74 0
4118 A 68 0
4120 A 65 0
4122 A 61 0
4124 A 59 0
4126 A 51 0
4128 A 49 0
4130 A 47 0
4132 A 37 0
4134 A 34 0
4136 A 32 0
4138 A 30 0
4140 A 19 0
4142 A 16 0
4144 A 14 0
4146 A 5 0
4148 A 4 0
4152 A -4 0
4154 A -5 0
4158 A -14 0
4160 A -15 0
4162 A -23 0
4164 A -25 0
4166 A -27 0
4168 A -34 0
4174 A -36 0
4176 A -44 0
4178 A -43 0
4180 A -40 0
4182 A -42 0
4184 A -38 0
4186 A -34 0
4188 A -36 0
4190 A -32 0
4192 A -29 0
4194 A -30 0
4196 A -27 0
4198 A -25 0
4200 A -26 0
4202 A -23 0
4204 A -21 0
4208 A -19 0
4210 A -18 0
4212 A -17 0
4214 A -16 0
4216 A -15 0
4218 A -13 0
4220 A -12 0
4224 A -9 0
4230 A -6 0
4232 A -5 0
4234 A -2 0
4240 A
4246 A 7 0
4252 A 19 0
4254 A 20 0
4258 A 25 0
4262 A 29 0
4264 A 30 0
4268 A 33 0
4274 A 38 0
4276 A 39 0
4278 A 43 0
4284 A 46 0
4286 A 45 0
4290 A 46 0
4294 A 45 0
4300 A 44 0
4302 A 43 0
4304 A 42 0
4306 A 40 0
4308 A 39 0
4310 A 38 0
4316 A 37 0
4318 A 35 0
4320 A 34 0
4322 A 31 0
4324 A 30 0
4328 A 27 0
4330 A 25 0
4332 A 22 0
4336 A 21 0
4338 A 18 0
4340 A 16 0
4342 A 12 0
4344 A 11 0
4346 A 9 0
4350 A 4 0
4354 A 5 0
4356 A
4362 A -5 0
4368 A -4 0
4370 A -10 0
4374 A -16 0
4378 A -17 0
4380 B -23 0
4382 B -24 0
4384 A -30 0
4386 B -31 0
4390 B -35 0
4392 A -31 0
4394 - -36 0
4400 - -39 0
4406 - -41 0
4408 - -42 0
4412 - -45 0
4414 - -44 0
4418 - -46 0
4420 - -45 0
4432 - -43 0
4436 - -42 0
4438 - -39 0
4442 - -38 0
4444 - -34 0
4446 - -33 0
4448 A -33 0
4450 - -32 0
4452 A -29 0
4456 - -28 0
4458 A -28 0
4460 A -23 0
4464 - -22 0
4466 A -20 0
4468 A -19 0
4470 A -18 0
4474 - -14 0
4476 A -14 0
4480 - -11 0
4482 - -10 0
4488 - -7 0
4492 A -7 0
4496 A -3 0
4500 - -3 0
4502 A -4 0
4506 A
4510 -
4512 A -1 0
4514 B 3 0
4520 B 2 0
4524 - 2 0
4528 - 1 0
4530 - 4 0
4536 - 3 0
4538 - 6 0
4546 - 4 0
4556 - 3 0
4566 -
4578 - -3 0
4588 - -10 0
4598 - -15 0
4608 - -30 0
4612 - -31 0
4616 - -50 0
4618 - -51 0
4620 - -52 0
4622 - -53 0
4626 - -54 0
4628 - -68 0
4630 - -69 0
4632 - -70 0
4634 - -72 0
4636 - -80 0
4644 B -80 0
4648 A -80 0
4652 B -80 0
4654 A -80 0
4660 B -80 0
4662 A -80 0
4668 B -80 0
4670 A -80 0
4676 B -80 0
4678 A -80 0
4690 A -77 0
4692 A -72 0
4694 A -68 0
4696 A -63 0
4698 A -58 0
4700 A -53 0
4702 A -48 0
4704 A -40 0
4706 A -35 0
4708 A -30 0
4710 A -26 0
4712 A -22 0
4714 A -17 0
4716 A -13 0
4718 A -10 0
4720 A -6 0
4722 A -3 0
4724 A -5 0
4726 A -3 0
4728 A -2 0
4730 A 5 0
4732 A 7 0
4734 A 9 0
4736 A 10 0
4738 A 11 0
4740 A 12 0
4742 A 21 0
4744 A 22 0
4746 A 24 0
4748 A 25 0
4752 A 26 0
4754 A 27 0
4756 A 31 0
4758 A 34 0
4760 A 35 0
4762 A 36 0
4770 A 37 0
4772 A 36 0
4776 A 35 0
4786 A 33 0
4790 A 32 0
4794 A 31 0
4798 A 26 0
4802 A 25 0
4804 A 24 0
4808 A 23 0
4810 A 18 0
4812 A 17 0
4816 A 16 0
4820 A 15 0
4822 A 10 0
4824 A 9 0
4828 A 8 0
4830 A 7 0
4832 A -2 0
4834 A -10 0
4836 A -12 0
4838 A -13 0
4840 A -15 0
4842 A -22 0
4844 A -24 0
4846 A -26 0
4848 A -32 0
4850 A -34 0
4852 A -35 0
4854 A -37 0
4856 A -42 0
4858 A -44 0
4860 A -45 0
4862 A -49 0
4864 A -50 0
4866 A -51 0
4868 A -52 0
4870 A -56 0
4874 A -55 0
4876 A -57 0
4880 A -56 0
4884 A -55 0
4886 A -54 0
4888 A -40 0
4890 A -29 0
4892 A -30 0
4894 A -29 0
4896 A -27 0
4902 A -29 0
4904 A -30 0
4906 A -28 0
4908 A -29 0
4916 A -31 0
4918 A -32 0
4922 A -33 0
4924 A -34 0
4926 A -35 0
4928 A -33 0
4934 A -29 0
4936 A -26 0
4938 A -23 0
4940 A -20 0
4942 A -17 0
4944 A -18 0
4946 A -19 0
4948 A -17 0
4952 A -18 0
4954 A -16 0
4958 A -14 0
4964 A -11 0
4970 A -9 0
4976 A -7 0
4980 A -5 0
4982 A -3 0
4984 A -2 0
4986 A
4992 A 2 0
4996 A 3 0
4998 A 5 0
5000 A 6 0
5002 A 7 0
5004 A 8 0
5006 A 9 0
5008 A 10 0
5010 A 11 0
5012 A 13 0
5014 A 14 0
5016 A 15 0
5018 A 16 0
5020 A 17 0
5022 A 18 0
5024 A 19 0
5026 A 20 0
5028 A 21 0
5038 A 19 0
5042 A 17 0
5046 A 16 0
5048 A 14 0
5052 A 12 0
5054 A 11 0
5060 A 10 0
5066 A 9 0
5072 A 8 0
5076 A 6 0
5080 A 5 0
5084 A 6 0
5086 A 4 0
5090 A 3 0
5094 A 1 0
5096 A 2 0
5098 A
5104 A -2 0
5108 A -4 0
5112 A -5 0
5116 A -6 0
5118 A -7 0
5120 A -8 0
5124 A -10 0
5128 A -11 0
5130 A -12 0
5132 A -13 0
5136 A -14 0
5138 A -15 0
5140 A -16 0
5144 A -15 0
5148 A -13 0
5152 A -11 0
5154 A -10 0
5156 - -9 0
5158 - -8 0
5160 - -7 0
5162 - -6 0
5164 - -5 0
5166 - -4 0
5168 - -3 0
5170 - -2 0
5172 - -1 0
5178 - 1 0
5182 - 4 0
5186 B 7 0
5188 - 5 0
5190 B 8 0
5196 A 11 0
5198 A 12 0
5200 B 14 0
5202 B 15 0
5204 B 16 0
5206 B 18 0
5208 B 19 0
5210 B 20 0
5212 B 22 0
5214 B 23 0
5216 - 24 0
5222 - 25 0
5232 - 26 0
5234 - 25 0
5238 - 26 0
5240 - 24 0
5242 - 25 0
5246 - 26 0
5258 - 25 0
5264 - 24 0
5274 - 25 0
5280 A 26 0
5282 - 26 0
5284 A 26 0
5288 - 26 0
5290 A 25 0
5292 - 25 0
5296 A 22 0
5300 - 23 0
5302 - 27 0
5304 - 33 0
5306 - 38 0
5308 A 42 0
5310 - 45 0
5312 A 49 0
5314 - 52 0
5316 A 55 0
5318 - 56 0
5320 - 55 0
5322 - 59 0
5324 B 65 0
5326 B 67 0
5328 B 69 0
5330 B 71 0
5332 A 75 0
5334 B 76 0
5336 - 77 0
5338 - 79 0
5340 - 80 0
5346 A 77 0
5348 A 65 0
5350 - 62 0
5352 - 65 0
5354 - 67 0
5356 - 66 0
5358 - 68 0
5360 - 69 0
5362 - 70 0
5364 - 72 0
5366 - 68 0
5368 - 69 0
5376 - 62 0
5380 - 64 0
5382 - 66 0
5384 - 68 0
5386 - 66 0
5388 - 67 0
5390 - 68 0
5392 - 69 0
5394 - 64 0
5396 - 63 0
5400 - 62 0
5402 - 61 0
5404 - 54 0
5406 - 52 0
5408 - 51 0
5412 - 47 0
5414 - 49 0
5416 - 51 0
5418 - 53 0
5420 - 50 0
5422 - 52 0
5424 - 53 0
5426 - 54 0
5428 - 55 0
5430 - 56 0
5432 - 57 0
5434 - 52 0
5436 - 54 0
5438 - 55 0
5440 - 57 0
5442 - 58 0
5444 - 60 0
5446 - 62 0
5448 - 63 0
5450 - 64 0
5452 - 65 0
5454 - 67 0
5458 - 68 0
5464 - 67 0
5466 - 75 0
5468 - 76 0
5480 - 78 0
5482 - 80 0
5490 A 80 0
5492 - 80 0
5496 A 80 0
5498 - 80 0
5500 A 80 0
5504 A 78 0
5506 A 75 0
5508 A 74 0
5510 A 76 0
5516 A 75 0
5518 A 74 0
5520 A 77 0
5522 A 75 0
5524 A 72 0
5526 A 69 0
5528 A 66 0
5530 A 62 0
5532 A 59 0
5534 A 58 0
5536 A 63 0
5538 A 67 0
5540 A 70 0
5542 A 73 0
5544 A 75 0
5546 A 77 0
5548 A 78 0
5552 A 67 0
5554 A 53 0
5556 A 51 0
5558 A 54 0
5560 A 55 0
5562 A 57 0
5564 A 58 0
5568 A 59 0
5570 A 57 0
5572 A 51 0
5574 A 45 0
5578 A 47 0
5582 A 48 0
5584 A 50 0
5586 A 51 0
5588 A 50 0
5590 A 49 0
5592 A 44 0
5594 A 38 0
5596 A 36 0
5598 A 37 0
5600 A 38 0
5602 A 39 0
5604 A 40 0
5606 A 41 0
5608 A 40 0
5610 A 35 0
5612 A 25 0
5614 A 17 0
5616 A 11 0
5618 A 9 0
5620 A 11 0
5622 A 12 0
5624 A 10 0
5632 A 8 0
5640 A 7 0
5642 A 6 0
5648 A 4 0
5650 A 5 0
5656 A 6 0
5660 A 7 0
5662 A 6 0
5668 A 5 0
5672 A 6 0
5676 A 5 0
5680 A 6 0
5682 A 5 0
5688 -
