# Arcade, one player: Coastline in Snow weather, car 5 (Automatic transmission), driven on the computer driver's racing line.
#
# Written by n64/tools/n64drive.py (plan 'arc_coast_snow_car5'); the driver saw:
#   TOP GEAR RALLY: row 2
#   TRACK SELECT: row 2
#   P1 car 1
#   cheats: cars car9 car10 car11 car12 car15 tracks mirrors
#   TOP GEAR RALLY: row 1
#   1P/2P SELECT: row 0
#   TRACK SELECT: row 2
#   WEATHER SELECT: row 3
#   P1 car 5 handling=Type 3 transmission=Automatic tires=Normal suspension=Softer
#   race 2400 frames; P1 drove 0.28 laps
frames 5517
0 -
80 A
88 -
294 START
302 -
456 - 80 0
464 -
488 - 80 0
496 -
532 A
540 -
590 A
598 -
696 START
720 -
734 A
758 -
772 A
796 -
810 A
834 -
848 A
872 -
886 A
916 -
964 A
972 -
980 DL
988 -
996 DL
1004 -
1012 CD
1020 -
1028 A
1036 -
1044 DR
1052 -
1060 Z
1068 -
1084 DU
1092 -
1100 DU
1108 -
1116 Z
1124 -
1132 B
1140 -
1148 A
1156 -
1164 DL
1172 -
1180 DL
1188 -
1204 DD
1212 -
1220 A
1228 -
1236 DR
1244 -
1252 Z
1260 -
1268 DR
1276 -
1284 DU
1292 -
1300 CD
1308 -
1324 CD
1332 -
1340 DU
1348 -
1356 B
1364 -
1372 DR
1380 -
1388 A
1396 -
1404 CD
1412 -
1420 A
1428 -
1436 DR
1444 -
1460 B
1468 -
1476 B
1484 -
1492 A
1500 -
1508 DL
1516 -
1524 DL
1532 -
1540 CD
1548 -
1556 A
1564 -
1572 DR
1580 -
1596 DR
1604 -
1612 DU
1620 -
1628 DL
1636 -
1644 CD
1652 -
1660 CD
1668 -
1676 A
1684 -
1692 DR
1700 -
1708 Z
1716 -
1732 A
1740 -
1748 DL
1756 -
1764 DL
1772 -
1780 DR
1788 -
1796 DD
1804 -
1812 Z
1820 -
1836 DR
1844 -
1852 DU
1860 -
1868 DL
1876 -
1884 CD
1892 -
1900 DR
1908 -
1916 DD
1924 -
1932 Z
1940 -
1948 START
1956 -
2016 DU
2024 -
2064 START
2072 -
2108 - -80 0
2116 -
2152 A
2160 -
2210 A
2218 -
2268 A
2276 -
2314 - -80 0
2322 -
2346 - -80 0
2354 -
2390 A
2398 -
2496 - 80 0
2520 -
2534 - 80 0
2558 -
2572 - 80 0
2596 -
2610 - 80 0
2634 -
2648 A
2672 -
2686 - 80 0
2710 -
2724 - 80 0
2748 -
2762 A
2786 -
2800 A
2824 -
2838 - 80 0
2862 -
2876 - 80 0
2900 -
2914 A
2938 -
2952 - 80 0
2976 -
2990 - 80 0
3014 -
3028 A
3052 -
3066 A
3096 -
3116 A -17 0
3388 A -16 0
3394 A -15 0
3400 A -14 0
3402 A -8 0
3412 A -7 0
3422 A -3 0
3426 A -1 0
3444 A
3716 A -2 0
3718 A -3 0
3720 A -4 0
3722 A -5 0
3724 A -6 0
3726 A -7 0
3730 A -8 0
3732 A -9 0
3734 A -10 0
3736 A -11 0
3740 A -12 0
3742 B -12 0
3744 A -13 0
3746 B -13 0
3750 B -14 0
3756 A -14 0
3758 B -14 0
3764 B -17 0
3768 B -19 0
3770 A -20 0
3772 A -21 0
3778 A -20 0
3780 A -19 0
3782 A -18 0
3784 A -17 0
3786 A -15 0
3788 A -14 0
3790 A -11 0
3792 A -10 0
3794 A -7 0
3798 A -3 0
3802 A
3806 A 1 0
3810 A 2 0
3814 A 3 0
3818 A 5 0
3822 A
3824 A -3 0
3826 A -8 0
3828 A -11 0
3830 A -15 0
3832 A -18 0
3834 A -22 0
3836 A -25 0
3838 A -28 0
3840 A -30 0
3842 A -33 0
3844 A -34 0
3846 A -35 0
3848 A -34 0
3850 A -33 0
3852 A -32 0
3854 A -29 0
3856 A -31 0
3860 A -32 0
3862 A -31 0
3864 A -29 0
3866 A -30 0
3868 A -26 0
3870 A -29 0
3874 A -28 0
3876 A -30 0
3878 A -29 0
3880 A -28 0
3882 A -29 0
3884 A -25 0
3886 A -22 0
3888 A -24 0
3890 A -23 0
3892 A -21 0
3894 A -22 0
3896 A -20 0
3900 A -19 0
3902 A -17 0
3904 A -15 0
3906 A -16 0
3908 A -13 0
3910 A -11 0
3914 A -8 0
3916 A -7 0
3920 A -6 0
3922 A -5 0
3924 A -6 0
3926 A -5 0
3928 A -4 0
3930 A -3 0
3932 A -4 0
3934 A -3 0
3936 A -2 0
3940 A -1 0
3946 A
3954 A 1 0
3958 - 2 0
3960 A 3 0
3962 - 3 0
3964 A 4 0
3966 A 5 0
3968 - 7 0
3970 A 7 0
3972 - 8 0
3974 A 9 0
3976 - 10 0
3978 A 11 0
3980 A 12 0
3982 - 13 0
3984 A 13 0
3986 - 14 0
3988 A 14 0
3992 - 14 0
3994 A 14 0
3996 - 13 0
3998 A 12 0
4000 - 10 0
4002 A 9 0
4004 A 8 0
4006 - 7 0
4008 A 5 0
4010 - 4 0
4012 A 3 0
4014 A 2 0
4016 -
4018 A
4020 A -1 0
4022 - -2 0
4024 A -4 0
4028 A -5 0
4030 - -7 0
4032 A -7 0
4034 A -9 0
4036 - -10 0
4038 A -11 0
4042 - -12 0
4044 A -13 0
4046 A -12 0
4048 - -12 0
4050 A -13 0
4052 A -12 0
4054 - -12 0
4056 B -12 0
4058 B -10 0
4060 A -10 0
4062 B -9 0
4064 B -8 0
4066 B -7 0
4068 B -6 0
4070 B -5 0
4072 B -4 0
4074 B -3 0
4076 B -2 0
4078 B -1 0
4080 B
4086 B 1 0
4090 B 2 0
4092 B 3 0
4096 B 4 0
4098 B 5 0
4102 B 6 0
4104 B 7 0
4108 B 8 0
4110 B 11 0
4114 B 13 0
4116 B 14 0
4118 B 15 0
4122 B 16 0
4124 B 14 0
4126 B 13 0
4130 B 12 0
4134 B 11 0
4136 B 10 0
4138 B 13 0
4140 B 12 0
4142 B 14 0
4144 A 13 0
4148 B 13 0
4154 - 13 0
4158 - 12 0
4164 - 11 0
4168 - 12 0
4170 - 13 0
4172 - 14 0
4176 A 15 0
4180 A 16 0
4182 A 15 0
4186 A 16 0
4188 A 13 0
4190 B 10 0
4192 - 17 0
4194 - 23 0
4196 - 29 0
4198 - 36 0
4200 - 42 0
4202 - 47 0
4204 - 46 0
4208 - 49 0
4212 - 51 0
4214 - 49 0
4216 - 43 0
4218 - 41 0
4220 - 43 0
4222 - 48 0
4224 - 49 0
4226 - 51 0
4228 - 54 0
4234 - 53 0
4236 - 54 0
4238 - 56 0
4240 - 58 0
4244 - 59 0
4246 A 56 0
4248 A 53 0
4250 - 55 0
4252 - 57 0
4254 - 59 0
4256 - 62 0
4258 - 63 0
4260 A 63 0
4262 A 60 0
4264 A 55 0
4268 A 58 0
4270 A 60 0
4272 A 59 0
4274 A 60 0
4278 A 56 0
4280 A 48 0
4282 A 51 0
4284 A 55 0
4286 A 53 0
4288 A 54 0
4290 A 56 0
4292 A 53 0
4294 A 48 0
4296 A 45 0
4298 A 47 0
4300 A 49 0
4302 A 50 0
4304 A 51 0
4306 A 46 0
4308 A 41 0
4310 A 39 0
4314 A 40 0
4316 A 42 0
4318 A 40 0
4322 A 37 0
4324 A 38 0
4326 A 40 0
4328 A 38 0
4330 A 40 0
4332 A 41 0
4334 A 39 0
4336 A 35 0
4338 A 34 0
4340 A 36 0
4342 A 34 0
4344 A 36 0
4346 A 34 0
4350 A 31 0
4352 A 30 0
4354 A 29 0
4356 A 30 0
4360 A 31 0
4362 A 30 0
4364 A 26 0
4366 A 29 0
4370 A 30 0
4372 A 29 0
4374 A 31 0
4376 A 28 0
4380 A 26 0
4384 A 24 0
4388 A 22 0
4392 A 21 0
4394 A 22 0
4396 A 20 0
4400 B 18 0
4402 A 17 0
4404 A 14 0
4406 A 15 0
4408 A 14 0
4416 A 13 0
4418 A 11 0
4420 A 10 0
4422 A 8 0
4426 A 6 0
4430 A 4 0
4434 A 3 0
4438 A 2 0
4442 A 1 0
4444 A
4452 A -1 0
4454 A -2 0
4462 B -2 0
4464 B -1 0
4468 B -2 0
4470 B -1 0
4474 B
4476 B -1 0
4478 B
4480 B -1 0
4482 B 1 0
4484 - 2 0
4486 - 4 0
4488 - 5 0
4490 - 6 0
4492 - 9 0
4494 - 10 0
4496 - 11 0
4498 - 12 0
4500 - 13 0
4502 - 14 0
4504 - 15 0
4508 - 16 0
4510 - 15 0
4512 - 16 0
4514 - 14 0
4516 - 15 0
4518 B 15 0
4520 B 16 0
4524 B 17 0
4526 B 14 0
4530 B 11 0
4534 B 18 0
4536 B 12 0
4538 B 13 0
4540 - 13 0
4542 - 3 0
4544 -
4548 - -3 0
4552 - -5 0
4554 - -15 0
4556 - -21 0
4558 - -25 0
4560 B -27 0
4562 B -28 0
4564 B -30 0
4566 - -32 0
4568 - -34 0
4570 - -35 0
4572 - -37 0
4574 - -38 0
4576 - -40 0
4578 - -41 0
4582 - -42 0
4584 - -44 0
4586 - -57 0
4588 - -59 0
4590 - -60 0
4592 - -70 0
4594 A -71 0
4596 - -72 0
4600 A -77 0
4602 - -77 0
4604 A -77 0
4606 - -78 0
4608 - -77 0
4610 A -75 0
4612 - -73 0
4614 A -70 0
4616 A -68 0
4618 - -65 0
4620 A -42 0
4622 A -20 0
4624 A -22 0
4626 A -24 0
4628 A -25 0
4630 A -27 0
4632 A -28 0
4634 A -25 0
4636 A -26 0
4638 A -27 0
4640 A -28 0
4644 A -29 0
4648 A -30 0
4650 A -29 0
4656 - -27 0
4658 - -26 0
4662 - -25 0
4664 - -22 0
4666 A -22 0
4668 A -21 0
4670 A -20 0
4672 A -21 0
4674 A -20 0
4676 A -19 0
4678 A -18 0
4682 A -17 0
4684 A -16 0
4686 - -14 0
4688 A -13 0
4690 A -12 0
4692 A -10 0
4694 A -12 0
4696 A -13 0
4698 A -11 0
4700 A -12 0
4702 A -15 0
4704 A -19 0
4706 - -22 0
4708 A -24 0
4710 - -26 0
4712 - -29 0
4714 A -31 0
4716 - -33 0
4718 A -33 0
4720 B -36 0
4722 B -41 0
4724 - -47 0
4726 - -52 0
4728 - -55 0
4730 - -49 0
4732 - -51 0
4734 - -54 0
4736 - -53 0
4738 - -54 0
4740 - -51 0
4742 - -49 0
4746 - -50 0
4748 - -53 0
4750 - -54 0
4752 A -54 0
4754 A -53 0
4756 A -51 0
4758 A -53 0
4760 A -55 0
4762 A -53 0
4764 A -55 0
4766 A -52 0
4768 A -46 0
4770 A -44 0
4772 A -46 0
4774 A -47 0
4776 A -48 0
4778 A -47 0
4782 A -49 0
4784 A -50 0
4786 A -52 0
4788 A -49 0
4790 A -45 0
4792 A -47 0
4796 A -48 0
4798 A -49 0
4800 A -46 0
4802 A -48 0
4804 A -51 0
4806 A -52 0
4808 A -50 0
4810 - -51 0
4812 A -54 0
4814 A -57 0
4816 A -55 0
4818 A -51 0
4820 - -49 0
4822 - -51 0
4824 - -53 0
4826 A -53 0
4828 A -51 0
4830 - -45 0
4832 - -49 0
4834 - -52 0
4836 A -51 0
4838 A -45 0
4840 A -39 0
4842 A -37 0
4844 A -36 0
4846 A -35 0
4852 A -32 0
4854 A -33 0
4856 A -34 0
4858 A -37 0
4860 - -37 0
4862 A -34 0
4864 - -28 0
4866 - -29 0
4868 - -30 0
4870 - -28 0
4872 - -29 0
4874 - -27 0
4876 - -28 0
4878 A -27 0
4882 A -25 0
4886 A -23 0
4888 A -22 0
4890 A -19 0
4892 A -18 0
4894 A -14 0
4896 A -12 0
4898 A -8 0
4900 A -7 0
4902 A -3 0
4904 A -2 0
4906 A -1 0
4908 A
4912 A 1 0
4914 A 2 0
4916 A 3 0
4918 A 4 0
4920 A 5 0
4922 A 6 0
4926 A 8 0
4930 A 10 0
4934 A 11 0
4938 A 12 0
4940 A 11 0
4942 A 10 0
4944 A 8 0
4946 A 7 0
4948 A 5 0
4950 A 4 0
4952 B 2 0
4954 A 1 0
4956 A
4958 B -1 0
4962 B -3 0
4966 - -4 0
4970 - -6 0
4974 - -7 0
4978 - -9 0
4982 - -10 0
4986 - -11 0
4988 - -10 0
4990 - -11 0
4992 - -10 0
4994 - -11 0
4996 - -9 0
4998 - -10 0
5000 - -8 0
5002 - -9 0
5004 - -10 0
5008 - -11 0
5010 B -9 0
5014 B -6 0
5016 A -7 0
5018 B -8 0
5020 B
5022 B -1 0
5024 B 5 0
5030 B 12 0
5034 - 3 0
5036 - 12 0
5038 - 11 0
5042 - 18 0
5046 - 17 0
5048 - 24 0
5052 - 23 0
5054 - 29 0
5056 - 28 0
5058 - 32 0
5062 - 31 0
5064 - 35 0
5066 - 34 0
5068 - 32 0
5070 - 30 0
5072 A 36 0
5074 A 34 0
5076 A 31 0
5078 A 35 0
5080 A 32 0
5082 A 30 0
5084 A 32 0
5086 A 29 0
5088 A 26 0
5092 A 23 0
5094 A 20 0
5096 A 18 0
5098 A 15 0
5100 A 12 0
5102 A 8 0
5104 A 5 0
5106 A 2 0
5108 A -1 0
5110 A -3 0
5112 A -5 0
5114 A -10 0
5116 A -12 0
5118 A -13 0
5122 A -14 0
5124 A -15 0
5132 A -16 0
5136 A -17 0
5138 A -16 0
5140 A -15 0
5142 A -16 0
5144 A -15 0
5146 A -13 0
5148 A -15 0
5150 A -13 0
5152 A -11 0
5154 A -13 0
5156 A -11 0
5158 A -9 0
5160 A -6 0
5162 A -9 0
5164 A -7 0
5166 A -9 0
5168 A -7 0
5170 A -5 0
5172 A -3 0
5174 A
5176 A 1 0
5178 A 3 0
5180 A 5 0
5182 A 6 0
5184 A 8 0
5186 A 10 0
5188 A 11 0
5190 A 12 0
5192 A 15 0
5194 A 14 0
5196 A 16 0
5198 A 14 0
5200 A 16 0
5202 A 17 0
5204 A 15 0
5208 A 16 0
5210 A 13 0
5212 A 14 0
5214 A 10 0
5216 A 11 0
5220 A 7 0
5224 - 8 0
5226 A 8 0
5228 A 9 0
5230 - 9 0
5232 A 10 0
5234 - 9 0
5236 A 10 0
5238 - 9 0
5240 A 10 0
5242 A 11 0
5244 - 9 0
5246 A 10 0
5248 - 8 0
5250 A 8 0
5252 A 9 0
5254 - 7 0
5256 A 8 0
5258 A 9 0
5260 - 5 0
5262 A 6 0
5264 A 3 0
5266 - 4 0
5268 A 6 0
5270 A 7 0
5272 A 9 0
5274 - 10 0
5276 A 11 0
5278 A 12 0
5280 - 13 0
5282 A 13 0
5284 A 14 0
5286 A 13 0
5288 - 14 0
5290 A 12 0
5292 A 13 0
5296 - 11 0
5298 A 11 0
5300 A 12 0
5302 A 8 0
5304 - 9 0
5306 A 10 0
5308 A 6 0
5312 A 8 0
5314 A 10 0
5316 A 11 0
5318 A 12 0
5320 A 13 0
5322 - 13 0
5324 A 14 0
5326 A 13 0
5328 A 14 0
5330 A 15 0
5332 A 13 0
5334 A 14 0
5336 A 11 0
5340 A 12 0
5342 A 8 0
5344 A 9 0
5346 A 10 0
5348 A 11 0
5350 A 6 0
5352 A 7 0
5354 A 1 0
5356 A 2 0
5358 A 3 0
5360 A -2 0
5362 A -1 0
5364 A
5370 A 1 0
5372 A 2 0
5374 A 1 0
5376 A 3 0
5378 A 1 0
5380 A 3 0
5382 A 4 0
5384 A 2 0
5386 A 4 0
5388 A 1 0
5390 A 3 0
5392 A 4 0
5394 A 2 0
5396 A 3 0
5398 A 5 0
5400 A 7 0
5402 A 3 0
5404 A 5 0
5406 A 1 0
5408 A 2 0
5410 A -1 0
5412 A
5414 A -4 0
5416 A -3 0
5418 A -1 0
5420 A -6 0
5422 A -5 0
5424 A -4 0
5426 A -2 0
5430 A -1 0
5432 A
5440 A 1 0
5444 A 2 0
5446 A 1 0
5448 A 2 0
5450 A 1 0
5452 A 2 0
5458 A 3 0
5460 A 2 0
5462 A 3 0
5464 A 2 0
5466 A 3 0
5468 A 4 0
5472 A 5 0
5474 A 6 0
5478 A 7 0
5482 A 8 0
5486 A 9 0
5488 A 8 0
5490 A 9 0
5492 A 8 0
5494 A 9 0
5496 A 8 0
5498 A 9 0
5500 B 7 0
5502 B 8 0
5504 B 7 0
5508 - 6 0
5510 - 4 0
5512 - 5 0
5514 - 3 0
5516 -
