# Arcade, one player: Mirror Coastline in Night weather, car 1 (Manual transmission), driven on the computer driver's racing line.
#
# Written by n64/tools/n64drive.py (plan 'arc_mcoast_night_car1'); the driver saw:
#   TOP GEAR RALLY: row 2
#   TRACK SELECT: row 2
#   P1 car 1
#   cheats: cars car9 car10 car11 car12 car15 tracks mirrors
#   TOP GEAR RALLY: row 1
#   1P/2P SELECT: row 0
#   TRACK SELECT: row 7
#   WEATHER SELECT: row 4
#   P1 car 1 handling=Type 2 transmission=Manual tires=Slippy suspension=Harder
#   race 2400 frames; P1 drove 0.24 laps
frames 5417
0 -
80 A
88 -
294 START
302 -
456 - 80 0
464 -
488 - 80 0
496 -
532 A
540 -
590 A
598 -
696 START
720 -
734 A
758 -
772 A
796 -
810 A
834 -
848 A
872 -
886 A
916 -
964 A
972 -
980 DL
988 -
996 DL
1004 -
1012 CD
1020 -
1028 A
1036 -
1044 DR
1052 -
1060 Z
1068 -
1084 DU
1092 -
1100 DU
1108 -
1116 Z
1124 -
1132 B
1140 -
1148 A
1156 -
1164 DL
1172 -
1180 DL
1188 -
1204 DD
1212 -
1220 A
1228 -
1236 DR
1244 -
1252 Z
1260 -
1268 DR
1276 -
1284 DU
1292 -
1300 CD
1308 -
1324 CD
1332 -
1340 DU
1348 -
1356 B
1364 -
1372 DR
1380 -
1388 A
1396 -
1404 CD
1412 -
1420 A
1428 -
1436 DR
1444 -
1460 B
1468 -
1476 B
1484 -
1492 A
1500 -
1508 DL
1516 -
1524 DL
1532 -
1540 CD
1548 -
1556 A
1564 -
1572 DR
1580 -
1596 DR
1604 -
1612 DU
1620 -
1628 DL
1636 -
1644 CD
1652 -
1660 CD
1668 -
1676 A
1684 -
1692 DR
1700 -
1708 Z
1716 -
1732 A
1740 -
1748 DL
1756 -
1764 DL
1772 -
1780 DR
1788 -
1796 DD
1804 -
1812 Z
1820 -
1836 DR
1844 -
1852 DU
1860 -
1868 DL
1876 -
1884 CD
1892 -
1900 DR
1908 -
1916 DD
1924 -
1932 Z
1940 -
1948 START
1956 -
2016 DU
2024 -
2064 START
2072 -
2108 - -80 0
2116 -
2152 A
2160 -
2210 A
2218 -
2256 - 80 0
2264 -
2288 - 80 0
2296 -
2320 - 80 0
2328 -
2352 - 80 0
2360 -
2384 - 80 0
2392 -
2428 A
2436 -
2474 - -80 0
2482 -
2518 A
2526 -
2624 A
2648 -
2662 - 80 0
2686 -
2700 A
2724 -
2738 - 80 0
2762 -
2776 A
2800 -
2814 - 80 0
2838 -
2852 A
2876 -
2890 - 80 0
2914 -
2928 A
2952 -
2966 A
2996 -
3016 A 17 0
3286 A 18 0
3304 A 19 0
3308 A 13 0
3318 A 14 0
3330 A 15 0
3338 A 16 0
3340 A 10 0
3344 A 11 0
3354 A 8 0
3364 A 6 0
3378 A 7 0
3382 A 6 0
3388 A 7 0
3406 A 8 0
3412 A 7 0
3414 A+R 7 0
3416 A+R 8 0
3424 A+R 9 0
3426 A 7 0
3428 A 8 0
3432 A 7 0
3438 A 6 0
3440 A 7 0
3448 A 6 0
3450 A 7 0
3458 A 6 0
3460 A 7 0
3468 A 6 0
3470 A 7 0
3476 A 6 0
3482 A 7 0
3486 A 6 0
3490 A 7 0
3494 A 6 0
3500 A 7 0
3502 A 6 0
3510 A 5 0
3512 A 6 0
3516 A 5 0
3518 A 4 0
3520 A 5 0
3524 A 4 0
3526 A 5 0
3532 A+R 4 0
3534 A+R 5 0
3538 A+R 4 0
3540 A+R 5 0
3544 A 4 0
3548 A 5 0
3552 A 4 0
3554 A 5 0
3558 A 4 0
3562 A 5 0
3564 A 4 0
3568 A 5 0
3570 A 4 0
3574 A 5 0
3576 A 4 0
3580 A 5 0
3582 A 4 0
3608 A 3 0
3610 A 4 0
3614 A 3 0
3616 A 4 0
3620 A 3 0
3650 A 2 0
3652 A 3 0
3656 A 2 0
3658 A 3 0
3660 A 2 0
3664 A 3 0
3666 A 2 0
3668 A 3 0
3670 A 2 0
3674 A 3 0
3676 A 2 0
3716 A+R 2 0
3718 A+R 1 0
3720 A+R 2 0
3724 A+R 4 0
3728 A 5 0
3730 A 6 0
3734 A 8 0
3738 A 9 0
3740 A 10 0
3744 A 11 0
3746 A 12 0
3750 A 13 0
3754 A 14 0
3756 A 15 0
3760 A 16 0
3768 A 17 0
3772 A 18 0
3774 A 17 0
3776 A 18 0
3780 A 21 0
3782 - 23 0
3784 A 23 0
3786 - 25 0
3788 - 27 0
3790 - 28 0
3792 - 30 0
3794 - 32 0
3796 - 33 0
3798 - 35 0
3800 - 36 0
3802 - 38 0
3804 - 39 0
3806 - 41 0
3808 A 41 0
3810 A 43 0
3812 A 46 0
3814 A 45 0
3816 A 47 0
3818 A 46 0
3820 A 49 0
3822 A 47 0
3824 A 49 0
3826 A 52 0
3828 A 50 0
3830 A 52 0
3832 A 53 0
3834 A 55 0
3836 A 54 0
3838 A 43 0
3840 A 35 0
3842 A 34 0
3844 A 37 0
3846 A 34 0
3848 A 35 0
3850 A 33 0
3852 A 34 0
3854 A 32 0
3856 A 33 0
3858 A 34 0
3860 A 31 0
3862 A 32 0
3864 A 27 0
3868 A 28 0
3870 A 30 0
3872 A 32 0
3876 A 33 0
3880 A 34 0
3886 A 33 0
3888 A 32 0
3890 A 34 0
3892 A 33 0
3894 A 34 0
3896 A 33 0
3898 A 34 0
3900 A 33 0
3902 A 35 0
3904 A 36 0
3906 A 32 0
3908 A 31 0
3910 A 30 0
3912 A 32 0
3914 A 31 0
3916 A 32 0
3918 A 31 0
3920 A 33 0
3922 A 31 0
3924 A 33 0
3926 A 30 0
3930 A 29 0
3932 A 27 0
3934 A 29 0
3936 A 27 0
3938 A 29 0
3940 A 27 0
3942 A 28 0
3944 A 26 0
3946 A 28 0
3948 A 26 0
3950 A 27 0
3952 A 25 0
3954 A 27 0
3956 A 24 0
3958 A 26 0
3960 A 23 0
3962 A 24 0
3964 A 22 0
3966 A 23 0
3968 A 21 0
3970 A 22 0
3972 A 19 0
3974 A 20 0
3976 A 18 0
3978 A 19 0
3980 A 18 0
3982 A 19 0
3984 A 17 0
3986 A 18 0
3988 A 17 0
3990 A 18 0
3992 A 17 0
3996 A 16 0
3998 A 17 0
4000 A 16 0
4004 A 15 0
4008 A 14 0
4010 A 15 0
4012 A 14 0
4016 A 13 0
4018 A 14 0
4020 A 13 0
4024 A 12 0
4028 A 11 0
4030 A 12 0
4032 A 10 0
4034 A 11 0
4036 A 9 0
4038 A 8 0
4040 A 9 0
4042 A 7 0
4046 A 5 0
4048 A 6 0
4050 A 4 0
4054 A 3 0
4058 A 2 0
4062 A
4068 A -1 0
4070 A -2 0
4072 A -3 0
4076 A -4 0
4078 A -5 0
4080 A -6 0
4084 A+R -7 0
4086 A+R -8 0
4090 A+R -9 0
4096 A -10 0
4100 A -11 0
4110 A -12 0
4118 A -13 0
4120 A -12 0
4122 A -13 0
4140 A -14 0
4142 A -13 0
4144 A -14 0
4146 A -13 0
4148 A -14 0
4150 A -13 0
4162 B -12 0
4164 B -13 0
4166 A -12 0
4168 B -12 0
4170 B -13 0
4172 B -12 0
4174 B -13 0
4176 B -12 0
4180 B -11 0
4182 - -12 0
4184 - -11 0
4188 - -10 0
4194 A -9 0
4196 - -9 0
4202 - -8 0
4204 - -9 0
4206 - -8 0
4210 - -7 0
4212 Z -7 0
4218 B+Z -8 0
4224 B -9 0
4228 B -10 0
4232 B -11 0
4236 B -12 0
4240 B -13 0
4246 - -14 0
4248 - -16 0
4250 - -15 0
4252 - -16 0
4254 - -19 0
4256 - -20 0
4258 A -21 0
4260 A -23 0
4262 - -24 0
4264 - -25 0
4266 - -27 0
4268 - -28 0
4270 - -29 0
4272 - -30 0
4274 - -32 0
4278 - -34 0
4280 - -37 0
4282 - -39 0
4284 Z -41 0
4286 Z -44 0
4288 Z -46 0
4290 Z -48 0
4292 Z -50 0
4294 Z -52 0
4296 - -55 0
4300 - -57 0
4302 - -60 0
4306 - -62 0
4308 - -65 0
4310 - -62 0
4312 - -54 0
4314 A -46 0
4316 - -44 0
4318 - -45 0
4320 - -47 0
4322 - -50 0
4324 - -49 0
4326 - -51 0
4328 - -50 0
4330 - -45 0
4332 - -43 0
4336 - -48 0
4338 - -50 0
4340 - -51 0
4342 A -54 0
4346 - -53 0
4348 A -51 0
4350 - -53 0
4352 - -54 0
4354 - -56 0
4356 - -58 0
4358 - -59 0
4360 A -59 0
4362 A -57 0
4364 A -55 0
4366 A -56 0
4368 A -59 0
4370 A -61 0
4372 - -65 0
4374 - -67 0
4376 A -65 0
4378 A -62 0
4380 A -58 0
4382 A -55 0
4384 A -58 0
4386 A -60 0
4388 A -65 0
4390 A -66 0
4392 A -64 0
4394 A -55 0
4396 A -48 0
4398 A -51 0
4400 A -53 0
4402 A -56 0
4404 A -54 0
4406 A -57 0
4408 A -56 0
4410 A -53 0
4412 A -50 0
4414 A -45 0
4416 A -49 0
4418 A -51 0
4420 A -53 0
4422 A -54 0
4424 A -48 0
4426 A -44 0
4430 A -42 0
4432 A -44 0
4434 A -46 0
4436 A -45 0
4438 A -48 0
4440 A -47 0
4442 A -41 0
4444 A -39 0
4446 A -41 0
4448 A -43 0
4450 A -41 0
4452 A -42 0
4456 A -40 0
4458 A -38 0
4460 A -35 0
4462 A -37 0
4466 A -39 0
4468 A -41 0
4470 A -39 0
4472 A -38 0
4474 A -34 0
4476 A -35 0
4478 A -37 0
4480 A -36 0
4482 A -37 0
4484 A -35 0
4486 A -37 0
4488 A -36 0
4490 A -32 0
4492 A -30 0
4494 A -32 0
4496 A -31 0
4498 A -32 0
4500 A -31 0
4502 A -32 0
4504 A -33 0
4506 A -31 0
4508 A -33 0
4510 A -31 0
4512 A -32 0
4514 A -33 0
4516 A -31 0
4518 A -32 0
4520 A -30 0
4522 A -31 0
4524 A -33 0
4526 A -31 0
4528 A -32 0
4530 A -31 0
4532 A -32 0
4534 A -34 0
4536 A -32 0
4538 A -33 0
4540 A -31 0
4542 A -32 0
4546 A -30 0
4548 A+R -31 0
4550 A+R -29 0
4552 A+R -30 0
4554 A+R -32 0
4556 A+R -31 0
4558 A+R -32 0
4560 A -31 0
4562 A -32 0
4564 A -34 0
4566 A -33 0
4568 A -35 0
4570 A -33 0
4572 A -34 0
4574 A -31 0
4576 A -32 0
4578 A -34 0
4580 A -32 0
4582 A -34 0
4584 A -32 0
4586 A -33 0
4588 A -35 0
4590 A -33 0
4592 A -34 0
4594 A -33 0
4596 A -35 0
4598 A -34 0
4600 A -36 0
4602 A -34 0
4604 A -35 0
4606 A -32 0
4608 A -33 0
4610 A -32 0
4612 A -31 0
4616 A -32 0
4618 A -33 0
4620 A -31 0
4626 A -33 0
4630 A -34 0
4632 A -32 0
4636 A -30 0
4638 A -32 0
4640 A -35 0
4642 A -36 0
4644 A -38 0
4646 A -40 0
4652 A -42 0
4654 - -43 0
4656 - -45 0
4658 - -46 0
4660 - -48 0
4662 - -44 0
4664 - -39 0
4666 - -42 0
4670 - -43 0
4672 - -42 0
4674 A -44 0
4676 A -35 0
4678 B -21 0
4680 B -26 0
4682 B -29 0
4684 B -27 0
4686 B -28 0
4688 B -19 0
4690 B -14 0
4692 B -15 0
4694 B -12 0
4696 B -13 0
4698 - -8 0
4700 - -3 0
4702 B 5 0
4704 B 4 0
4706 - 3 0
4710 - 5 0
4712 Z 15 0
4714 Z 21 0
4716 Z 24 0
4718 B+Z 28 0
4720 B+Z 29 0
4722 B+Z 31 0
4724 B 34 0
4726 - 36 0
4728 - 38 0
4730 B 40 0
4732 B 41 0
4734 A 43 0
4736 A 44 0
4738 - 44 0
4740 A 46 0
4742 - 47 0
4744 A 62 0
4746 - 64 0
4748 - 66 0
4750 A 77 0
4752 - 80 0
4754 A 80 0
4756 - 80 0
4758 B 80 0
4778 A 80 0
4780 A+Z 80 0
4782 A+Z 62 0
4784 A+Z 46 0
4786 A+Z 31 0
4788 A+Z 26 0
4790 A+Z 27 0
4792 A 28 0
4796 A 29 0
4798 A 30 0
4802 A 26 0
4806 A 27 0
4810 A 28 0
4812 A 29 0
4818 A 30 0
4820 A 31 0
4822 A 30 0
4824 A 31 0
4826 A 32 0
4830 A 33 0
4836 A 34 0
4838 A 35 0
4840 A 36 0
4842 A 34 0
4844 A 35 0
4846 A 36 0
4848 A 37 0
4850 A 35 0
4852 A 36 0
4854 A 37 0
4856 A 38 0
4858 A 39 0
4860 A 43 0
4862 A 44 0
4864 A 46 0
4866 A 47 0
4868 A 49 0
4870 A 51 0
4872 A 52 0
4874 A 54 0
4878 A 55 0
4880 A 57 0
4882 A 58 0
4886 A 60 0
4888 A 61 0
4890 A 63 0
4892 A 67 0
4894 A 69 0
4896 A 67 0
4898 A 63 0
4900 A 58 0
4902 A 56 0
4904 A+R 57 0
4906 A+R 59 0
4908 A+R 58 0
4910 A+R 55 0
4912 A+R 53 0
4914 A+R 55 0
4916 A 55 0
4918 A 57 0
4920 A 56 0
4922 A 55 0
4924 A 50 0
4928 A 51 0
4930 - 49 0
4932 - 51 0
4938 A 50 0
4940 - 50 0
4942 - 52 0
4944 - 54 0
4946 A 56 0
4948 A 55 0
4950 A 54 0
4952 A 51 0
4954 A 53 0
4956 A 55 0
4960 A 57 0
4962 A 56 0
4964 A 50 0
4966 A 48 0
4968 A 50 0
4970 A 53 0
4972 A 51 0
4974 A 50 0
4978 A 49 0
4982 A 51 0
4984 A 54 0
4986 A 53 0
4990 A 49 0
4994 A 51 0
4996 A 50 0
4998 A 53 0
5002 A 50 0
5004 A 51 0
5006 A 53 0
5008 A 51 0
5010 A 53 0
5012 A 52 0
5014 A 50 0
5016 A 51 0
5018 A 54 0
5020 A 57 0
5022 A 58 0
5024 A 56 0
5026 A 55 0
5028 A 54 0
5030 A 55 0
5032 A 57 0
5034 A 59 0
5036 A 57 0
5038 A 55 0
5040 A 47 0
5042 A 49 0
5044 A 51 0
5046 A 50 0
5048 A 54 0
5050 A 52 0
5052 A 44 0
5054 A 40 0
5056 A 42 0
5058 A 44 0
5062 A 46 0
5064 A 39 0
5066 A 36 0
5068 A 38 0
5070 A 37 0
5072 A 38 0
5074 A 40 0
5076 A 38 0
5078 A 39 0
5080 A 38 0
5082 A 33 0
5084 A 34 0
5086 A 32 0
5088 A 34 0
5090 A 35 0
5092 A 33 0
5094 A 34 0
5096 A 36 0
5098 A 33 0
5100 A 34 0
5102 A 36 0
5104 A 35 0
5106 A 36 0
5108 A 35 0
5110 A 37 0
5112 A 35 0
5114 A 37 0
5116 A 39 0
5118 A 37 0
5120 A 39 0
5122 A 37 0
5124 A+R 38 0
5126 A+R 36 0
5128 A+R 38 0
5130 A+R 40 0
5132 A+R 38 0
5134 A+R 39 0
5136 A 40 0
5138 A 42 0
5140 A 44 0
5144 A 46 0
5148 A 48 0
5150 A 47 0
5152 A 50 0
5154 A 48 0
5156 A 50 0
5158 A 53 0
5160 A 50 0
5162 A 52 0
5164 A 50 0
5166 A 51 0
5168 A 50 0
5170 A 54 0
5172 A 52 0
5174 A 55 0
5176 A 53 0
5178 A 48 0
5180 A 51 0
5182 A 52 0
5184 A 55 0
5186 A 52 0
5188 A 51 0
5192 A 53 0
5194 A 49 0
5196 A 47 0
5200 A 49 0
5202 A 48 0
5204 A 50 0
5208 A 46 0
5210 A 49 0
5212 A 48 0
5214 A 50 0
5216 A 48 0
5220 A 42 0
5222 A 45 0
5224 A 43 0
5226 A 45 0
5228 B 43 0
5230 - 45 0
5232 A 40 0
5234 - 37 0
5236 - 31 0
5238 - 33 0
5240 - 29 0
5242 - 30 0
5244 - 27 0
5246 - 28 0
5248 - 21 0
5250 - 22 0
5252 - 16 0
5258 - 10 0
5262 - 4 0
5266 - -1 0
5270 - -6 0
5274 - -7 0
5280 B -12 0
5282 B -13 0
5284 B -17 0
5286 B -18 0
5288 B -26 0
5290 B -27 0
5292 B -28 0
5294 B -35 0
5296 B -36 0
5298 A -37 0
5300 B -44 0
5302 B -45 0
5304 B -47 0
5306 - -49 0
5308 - -51 0
5310 - -53 0
5312 - -58 0
5314 - -60 0
5316 - -63 0
5318 - -66 0
5320 - -68 0
5322 - -71 0
5324 Z -71 0
5326 Z -72 0
5328 Z -73 0
5330 Z -75 0
5332 Z -71 0
5336 A -71 0
5338 A -64 0
5340 A -62 0
5342 A -60 0
5344 A -50 0
5346 A -47 0
5348 A -45 0
5350 A -43 0
5352 A -38 0
5354 A -36 0
5356 A -35 0
5358 A -30 0
5360 A -28 0
5362 A -27 0
5364 A -21 0
5366 A -20 0
5368 A -19 0
5370 A -13 0
5372 A -12 0
5376 A -5 0
5378 A -4 0
5382 A 2 0
5388 A 3 0
5390 A 2 0
5392 A 10 0
5400 A 18 0
5406 A 25 0
5408 A 26 0
5416 -
