# Arcade, one player: Mirror Desert in Snow weather, car 11 (Automatic transmission), driven on the computer driver's racing line.
#
# Written by n64/tools/n64drive.py (plan 'arc_mdesert_snow_car11'); the driver saw:
#   TOP GEAR RALLY: row 2
#   TRACK SELECT: row 2
#   P1 car 1
#   cheats: cars car9 car10 car11 car12 car15 tracks mirrors
#   TOP GEAR RALLY: row 1
#   1P/2P SELECT: row 0
#   TRACK SELECT: row 5
#   WEATHER SELECT: row 3
#   P1 car 11 handling=Type 2 transmission=Automatic tires=Normal suspension=Normal
#   race 2400 frames; P1 drove 0.15 laps
frames 5727
0 -
80 A
88 -
294 START
302 -
456 - 80 0
464 -
488 - 80 0
496 -
532 A
540 -
590 A
598 -
696 START
720 -
734 A
758 -
772 A
796 -
810 A
834 -
848 A
872 -
886 A
916 -
964 A
972 -
980 DL
988 -
996 DL
1004 -
1012 CD
1020 -
1028 A
1036 -
1044 DR
1052 -
1060 Z
1068 -
1084 DU
1092 -
1100 DU
1108 -
1116 Z
1124 -
1132 B
1140 -
1148 A
1156 -
1164 DL
1172 -
1180 DL
1188 -
1204 DD
1212 -
1220 A
1228 -
1236 DR
1244 -
1252 Z
1260 -
1268 DR
1276 -
1284 DU
1292 -
1300 CD
1308 -
1324 CD
1332 -
1340 DU
1348 -
1356 B
1364 -
1372 DR
1380 -
1388 A
1396 -
1404 CD
1412 -
1420 A
1428 -
1436 DR
1444 -
1460 B
1468 -
1476 B
1484 -
1492 A
1500 -
1508 DL
1516 -
1524 DL
1532 -
1540 CD
1548 -
1556 A
1564 -
1572 DR
1580 -
1596 DR
1604 -
1612 DU
1620 -
1628 DL
1636 -
1644 CD
1652 -
1660 CD
1668 -
1676 A
1684 -
1692 DR
1700 -
1708 Z
1716 -
1732 A
1740 -
1748 DL
1756 -
1764 DL
1772 -
1780 DR
1788 -
1796 DD
1804 -
1812 Z
1820 -
1836 DR
1844 -
1852 DU
1860 -
1868 DL
1876 -
1884 CD
1892 -
1900 DR
1908 -
1916 DD
1924 -
1932 Z
1940 -
1948 START
1956 -
2016 DU
2024 -
2064 START
2072 -
2108 - -80 0
2116 -
2152 A
2160 -
2210 A
2218 -
2256 - 80 0
2264 -
2288 - 80 0
2296 -
2320 - 80 0
2328 -
2364 A
2372 -
2410 - -80 0
2418 -
2442 - -80 0
2450 -
2486 A
2494 -
2592 - 80 0
2616 -
2630 - 80 0
2654 -
2668 - 80 0
2692 -
2706 - 80 0
2730 -
2744 - 80 0
2768 -
2782 - 80 0
2806 -
2820 - 80 0
2844 -
2858 - 80 0
2882 -
2896 - 80 0
2920 -
2934 - 80 0
2958 -
2972 A
2996 -
3010 - 80 0
3034 -
3048 A
3072 -
3086 A
3110 -
3124 - 80 0
3148 -
3162 - 80 0
3186 -
3200 A
3224 -
3238 A
3262 -
3276 A
3306 -
3326 A 16 0
3334 A 17 0
3368 A 18 0
3594 A 19 0
3606 A 13 0
3614 A 14 0
3628 A 15 0
3638 A 10 0
3652 A 11 0
3660 A 9 0
3670 A 10 0
3676 A 7 0
3684 A 8 0
3688 A 5 0
3690 A 4 0
3692 A 5 0
3700 A 4 0
3706 A 5 0
3710 A 4 0
3716 A 5 0
3718 A 4 0
3726 A 5 0
3728 A 4 0
3740 A 5 0
3742 A 4 0
3748 A 5 0
3750 A 4 0
3752 A 5 0
3766 A 6 0
3780 A 7 0
3782 A 6 0
3784 A 7 0
3806 A 6 0
3810 A 7 0
3812 A 6 0
3822 A 5 0
3828 A 4 0
3832 A 3 0
3838 A 2 0
3842 A 1 0
3844 A
3848 A -1 0
3852 A -2 0
3854 A -3 0
3856 A -4 0
3858 A -5 0
3860 A -6 0
3862 A -7 0
3864 A -8 0
3866 A -10 0
3868 A -12 0
3870 A -13 0
3872 A -14 0
3874 A -16 0
3876 A -17 0
3878 A -18 0
3880 A -20 0
3882 A -21 0
3884 A -22 0
3886 A -24 0
3888 A -25 0
3890 A -26 0
3892 A -27 0
3894 A -29 0
3896 A -30 0
3898 A -31 0
3900 A -32 0
3902 A -33 0
3904 A -34 0
3906 A -35 0
3908 A -36 0
3910 A -37 0
3912 A -38 0
3914 A -39 0
3916 A -40 0
3920 A -37 0
3922 A -27 0
3924 A -20 0
3926 A -17 0
3928 A -19 0
3930 A -18 0
3932 A -17 0
3934 A -18 0
3936 A -17 0
3940 A -16 0
3944 A -15 0
3946 A -14 0
3948 A -13 0
3956 A -12 0
3962 A -11 0
3964 A -12 0
3966 A -11 0
3972 A -10 0
3980 A -9 0
3986 A -8 0
3988 A -9 0
3990 A -8 0
3998 A -9 0
4000 A -8 0
4002 A -9 0
4004 A -8 0
4008 A -9 0
4018 A -10 0
4024 A -11 0
4028 A -13 0
4030 A -15 0
4032 A -20 0
4034 A -22 0
4036 A -20 0
4038 A -18 0
4040 A -19 0
4042 A -20 0
4044 A -21 0
4046 A -19 0
4050 A -20 0
4054 A -18 0
4056 A -19 0
4058 A -20 0
4060 A -18 0
4066 A -17 0
4068 A -15 0
4072 A -14 0
4074 A -15 0
4076 A -11 0
4078 A -10 0
4080 A -11 0
4082 A -10 0
4084 A -9 0
4086 A -8 0
4092 A -7 0
4094 A -8 0
4098 A -7 0
4110 A -6 0
4112 A -7 0
4114 A -6 0
4116 A -7 0
4118 A -6 0
4120 A -7 0
4122 A -6 0
4128 A -5 0
4130 - -5 0
4132 A -5 0
4136 - -4 0
4138 A -5 0
4140 - -5 0
4142 A -4 0
4146 - -4 0
4148 A -4 0
4152 - -3 0
4154 A -3 0
4156 - -3 0
4158 A -3 0
4162 - -3 0
4164 A -2 0
4166 - -2 0
4168 A -2 0
4172 - -2 0
4174 A -2 0
4178 - -3 0
4180 A -3 0
4182 - -3 0
4184 A -3 0
4188 - -4 0
4190 A -4 0
4192 - -4 0
4194 A -4 0
4196 A -5 0
4198 - -5 0
4200 B -5 0
4202 B -6 0
4204 A -6 0
4206 B -5 0
4212 B -4 0
4214 B -5 0
4216 B -4 0
4224 B -5 0
4226 B -4 0
4236 B -3 0
4238 B -2 0
4242 B
4244 B -2 0
4246 B
4250 B 1 0
4254 B 2 0
4256 - 3 0
4258 - 4 0
4260 - 5 0
4262 - 6 0
4266 - 8 0
4270 - 11 0
4274 - 13 0
4276 - 14 0
4278 - 16 0
4280 - 17 0
4282 - 19 0
4284 - 20 0
4286 B 22 0
4288 B 23 0
4290 B 24 0
4292 B 25 0
4294 B 26 0
4296 B 27 0
4298 B 28 0
4300 B 32 0
4302 B 33 0
4304 B 35 0
4306 A 38 0
4308 A 39 0
4310 A 42 0
4312 A 43 0
4314 A 45 0
4316 A 47 0
4318 A 49 0
4320 A 50 0
4322 A 53 0
4324 A 56 0
4326 A 59 0
4328 A 62 0
4330 A 64 0
4332 A 67 0
4334 A 68 0
4336 - 71 0
4338 - 74 0
4340 A 73 0
4342 - 75 0
4344 A 75 0
4346 - 77 0
4348 - 76 0
4350 A 63 0
4352 A 67 0
4354 A 68 0
4356 A 65 0
4358 A 62 0
4360 A 61 0
4362 A 64 0
4366 A 65 0
4368 A 64 0
4370 A 59 0
4376 A 56 0
4378 A 51 0
4382 A 53 0
4384 A 54 0
4386 A 56 0
4388 A 53 0
4390 A 51 0
4392 A 55 0
4394 A 52 0
4396 A 49 0
4398 A 46 0
4400 A 48 0
4402 A 44 0
4406 A 43 0
4408 A 38 0
4410 A 40 0
4412 A 33 0
4414 A 31 0
4416 A 25 0
4418 A 26 0
4420 A 22 0
4422 A 17 0
4424 A 14 0
4428 A 9 0
4432 A 5 0
4434 A
4438 A -2 0
4442 A -6 0
4446 B -9 0
4450 B -12 0
4452 B -15 0
4454 B -13 0
4456 B -16 0
4458 B -17 0
4460 B -20 0
4462 B -21 0
4464 B -22 0
4466 B -25 0
4468 B -26 0
4470 B -29 0
4472 B -31 0
4474 B -33 0
4476 - -36 0
4478 - -38 0
4480 - -41 0
4482 - -43 0
4484 - -46 0
4486 - -48 0
4488 - -51 0
4490 - -52 0
4492 - -55 0
4494 - -57 0
4496 - -60 0
4498 A -76 0
4500 A -80 0
4502 A -66 0
4504 A -56 0
4506 A -49 0
4508 A -44 0
4510 A -40 0
4512 A -36 0
4514 A -32 0
4516 A -29 0
4518 A -26 0
4520 A -24 0
4522 A -22 0
4524 A -20 0
4526 A -18 0
4528 A -17 0
4530 A -15 0
4532 A -14 0
4534 A -13 0
4536 A -11 0
4538 A -10 0
4540 A -9 0
4542 A -8 0
4546 A -7 0
4558 A -8 0
4570 A -9 0
4572 A 3 0
4576 A 4 0
4578 A 12 0
4590 A 13 0
4592 A 18 0
4598 A 19 0
4606 A 20 0
4612 A 21 0
4622 A 19 0
4626 A 18 0
4630 A 17 0
4632 A 15 0
4636 A 14 0
4638 A 13 0
4642 A 10 0
4646 A 9 0
4648 A 8 0
4650 A 5 0
4652 A 4 0
4656 A 3 0
4658 A
4660 A -1 0
4662 A -2 0
4664 A -3 0
4666 A -7 0
4668 A -8 0
4670 A -12 0
4672 A -13 0
4674 A -17 0
4676 A -18 0
4678 A -19 0
4680 A -22 0
4682 A -24 0
4684 A -25 0
4686 A -27 0
4688 A -29 0
4690 A -31 0
4692 A -32 0
4694 A -35 0
4696 A -36 0
4698 A -38 0
4700 - -40 0
4702 - -41 0
4704 - -43 0
4706 - -49 0
4708 - -51 0
4710 A -53 0
4712 - -58 0
4714 - -59 0
4716 - -61 0
4718 - -63 0
4720 - -67 0
4722 - -69 0
4724 - -71 0
4726 - -73 0
4728 - -75 0
4730 - -76 0
4732 A -76 0
4736 A -77 0
4738 - -74 0
4742 A -75 0
4746 - -70 0
4750 A -70 0
4752 A -66 0
4754 A -65 0
4756 A -64 0
4760 A -58 0
4762 A -56 0
4764 A -55 0
4766 A -48 0
4768 A -47 0
4770 A -46 0
4772 A -35 0
4774 A -57 0
4776 A -45 0
4778 A -46 0
4780 A -47 0
4782 A -43 0
4784 A -45 0
4786 A -47 0
4790 A -44 0
4796 A -47 0
4798 A -49 0
4800 A -48 0
4802 A -51 0
4804 A -52 0
4806 A -47 0
4808 A -46 0
4810 A -44 0
4812 A -47 0
4814 A -50 0
4816 - -48 0
4818 A -50 0
4820 B -48 0
4822 A -50 0
4824 A -47 0
4826 B -44 0
4828 B -47 0
4830 A -50 0
4832 A -51 0
4834 B -54 0
4838 B -56 0
4840 B -59 0
4842 B -54 0
4844 A -51 0
4846 A -52 0
4850 A -54 0
4852 A -53 0
4854 A -55 0
4856 A -57 0
4858 A -55 0
4860 A -56 0
4862 A -53 0
4864 A -49 0
4866 A -53 0
4868 B -54 0
4870 B -57 0
4872 B -60 0
4874 B -59 0
4876 B -62 0
4878 B -58 0
4880 A -56 0
4882 A -52 0
4884 A -51 0
4886 A -54 0
4888 A -56 0
4890 A -54 0
4892 A -56 0
4894 A -57 0
4896 A -58 0
4898 A -55 0
4900 A -52 0
4904 A -56 0
4906 A -59 0
4910 A -61 0
4914 A -59 0
4916 A -56 0
4918 A -51 0
4920 A -54 0
4922 - -54 0
4924 - -57 0
4926 - -60 0
4928 A -61 0
4930 A -60 0
4932 A -57 0
4934 - -53 0
4936 - -57 0
4938 - -62 0
4940 - -61 0
4942 - -64 0
4944 A -63 0
4946 A -61 0
4948 A -54 0
4950 - -56 0
4952 - -60 0
4954 - -59 0
4956 - -62 0
4958 - -63 0
4960 A -63 0
4962 A -61 0
4964 - -57 0
4966 - -61 0
4968 - -62 0
4970 - -65 0
4972 A -69 0
4974 - -67 0
4976 - -70 0
4978 A -69 0
4980 - -72 0
4982 - -70 0
4984 A -72 0
4986 - -76 0
4988 - -75 0
4990 A -78 0
4992 - -80 0
4994 A -77 0
4996 - -79 0
4998 A -74 0
5000 - -74 0
5002 - -62 0
5004 - -57 0
5006 A -46 0
5008 A -40 0
5010 A -36 0
5012 A -27 0
5014 A -22 0
5016 A -13 0
5018 A -9 0
5020 A -6 0
5022 A 2 0
5024 A 6 0
5026 A 9 0
5028 A 18 0
5030 A 21 0
5032 A 31 0
5034 A 33 0
5036 A 36 0
5038 A 43 0
5040 A 45 0
5042 A 53 0
5044 A 55 0
5046 A 57 0
5048 A 59 0
5050 A 66 0
5052 A 68 0
5054 B 69 0
5056 A 76 0
5058 - 70 0
5062 - 78 0
5068 - 80 0
5080 A 80 0
5096 A 79 0
5098 A 80 0
5100 A 78 0
5102 A 75 0
5104 A 72 0
5106 A 73 0
5108 A 69 0
5110 A 66 0
5112 A 63 0
5114 A 61 0
5116 A 57 0
5118 A 54 0
5120 A 52 0
5122 A 49 0
5124 A 47 0
5126 A 45 0
5128 A 42 0
5130 A 40 0
5132 A 38 0
5134 A 34 0
5136 A 33 0
5138 A 32 0
5140 A 27 0
5142 A 26 0
5146 A 19 0
5150 A 18 0
5152 A 7 0
5154 A 6 0
5156 A 5 0
5158 A
5160 A -1 0
5164 A -7 0
5166 A -8 0
5168 A -12 0
5170 A -13 0
5172 A -14 0
5174 A -18 0
5176 A -19 0
5180 A -24 0
5184 A -25 0
5186 A -30 0
5192 A -35 0
5194 A -36 0
5198 A -41 0
5202 A -42 0
5204 A -47 0
5208 A -48 0
5210 A -52 0
5212 A -53 0
5214 A -57 0
5216 A -58 0
5218 A -59 0
5220 A -63 0
5222 A -65 0
5224 A -68 0
5226 A -69 0
5228 A -70 0
5230 A -72 0
5232 A -73 0
5234 A -74 0
5236 A -75 0
5238 A -74 0
5240 A -75 0
5244 A -72 0
5248 A -68 0
5250 A -67 0
5252 A -66 0
5254 A -60 0
5256 A -59 0
5258 A -53 0
5260 A -51 0
5262 A -44 0
5264 A -42 0
5266 A -41 0
5268 A -33 0
5270 A -26 0
5272 A -19 0
5274 A -17 0
5276 A -21 0
5278 A -36 0
5280 A -49 0
5282 A -56 0
5284 A -68 0
5286 - -74 0
5288 - -80 0
5290 B -80 0
5316 A -80 0
5446 A 0 -80
5448 A 80 -80
5496 A 79 -80
5498 A 75 -80
5500 A 80 -80
5502 A 76 -80
5504 A 71 -80
5506 A 65 -80
5508 A 59 -80
5510 A 54 -80
5512 A 49 -80
5514 A 43 -80
5516 A 38 -80
5518 A 34 -80
5520 A 24 -80
5522 A 20 -80
5524 A 16 -80
5526 A 17 -80
5528 A 13 -80
5530 A 9 -80
5532 A 6 -80
5534 A 3 -80
5536 A 0 -80
5538 A -2 -80
5540 A -5 -80
5542 A -8 -80
5544 A -7 -80
5546 A -10 -80
5548 A -13 -80
5550 A -15 -80
5552 A -17 -80
5554 A -19 -80
5556 A -21 -80
5558 A -20 -80
5560 A -22 -80
5562 A -24 -80
5564 A -26 -80
5566 A -27 -80
5568 A -29 -80
5570 A -26 -80
5572 A -27 -80
5574 A -28 -80
5576 A -33 -80
5578 A -34 -80
5580 A -35 -80
5582 A -32 -80
5584 A -33 -80
5588 A -34 -80
5592 A -30 -80
5596 A -31 -80
5604 A 1 -80
5606 A 17 -80
5608 A 31 -80
5610 A 44 -80
5612 A 53 -80
5614 A 54 -80
5618 A 53 -80
5628 A -52 0
5632 A -51 0
5636 A -50 0
5642 A -49 0
5650 A -50 0
5656 A -51 0
5660 A -52 0
5666 A -53 0
5672 A -54 0
5678 A -55 0
5682 A -56 0
5684 A -40 0
5686 A -41 0
5702 A -42 0
5706 A -43 0
5708 A -44 0
5722 A -45 0
5726 -
