# Arcade, one player: Coastline in Rain weather, car 4 (Manual transmission), driven on the computer driver's racing line.
#
# Written by n64/tools/n64drive.py (plan 'arc_coast_rain_car4'); the driver saw:
#   TOP GEAR RALLY: row 2
#   TRACK SELECT: row 2
#   P1 car 1
#   cheats: cars car9 car10 car11 car12 car15 tracks mirrors
#   TOP GEAR RALLY: row 1
#   1P/2P SELECT: row 0
#   TRACK SELECT: row 2
#   WEATHER SELECT: row 2
#   P1 car 4 handling=Type 2 transmission=Manual tires=Slippy suspension=Harder
#   race 2400 frames; P1 drove 0.27 laps
frames 5403
0 -
80 A
88 -
294 START
302 -
456 - 80 0
464 -
488 - 80 0
496 -
532 A
540 -
590 A
598 -
696 START
720 -
734 A
758 -
772 A
796 -
810 A
834 -
848 A
872 -
886 A
916 -
964 A
972 -
980 DL
988 -
996 DL
1004 -
1012 CD
1020 -
1028 A
1036 -
1044 DR
1052 -
1060 Z
1068 -
1084 DU
1092 -
1100 DU
1108 -
1116 Z
1124 -
1132 B
1140 -
1148 A
1156 -
1164 DL
1172 -
1180 DL
1188 -
1204 DD
1212 -
1220 A
1228 -
1236 DR
1244 -
1252 Z
1260 -
1268 DR
1276 -
1284 DU
1292 -
1300 CD
1308 -
1324 CD
1332 -
1340 DU
1348 -
1356 B
1364 -
1372 DR
1380 -
1388 A
1396 -
1404 CD
1412 -
1420 A
1428 -
1436 DR
1444 -
1460 B
1468 -
1476 B
1484 -
1492 A
1500 -
1508 DL
1516 -
1524 DL
1532 -
1540 CD
1548 -
1556 A
1564 -
1572 DR
1580 -
1596 DR
1604 -
1612 DU
1620 -
1628 DL
1636 -
1644 CD
1652 -
1660 CD
1668 -
1676 A
1684 -
1692 DR
1700 -
1708 Z
1716 -
1732 A
1740 -
1748 DL
1756 -
1764 DL
1772 -
1780 DR
1788 -
1796 DD
1804 -
1812 Z
1820 -
1836 DR
1844 -
1852 DU
1860 -
1868 DL
1876 -
1884 CD
1892 -
1900 DR
1908 -
1916 DD
1924 -
1932 Z
1940 -
1948 START
1956 -
2016 DU
2024 -
2064 START
2072 -
2108 - -80 0
2116 -
2152 A
2160 -
2210 A
2218 -
2268 A
2276 -
2314 - 80 0
2322 -
2346 - 80 0
2354 -
2390 A
2398 -
2496 - 80 0
2520 -
2534 - 80 0
2558 -
2572 - 80 0
2596 -
2610 A
2634 -
2648 - 80 0
2672 -
2686 A
2710 -
2724 - 80 0
2748 -
2762 A
2786 -
2800 - 80 0
2824 -
2838 A
2862 -
2876 - 80 0
2900 -
2914 A
2938 -
2952 A
2982 -
3002 A -17 0
3270 A -18 0
3286 A -19 0
3290 A -13 0
3300 A -14 0
3308 A -15 0
3314 A -10 0
3316 A -7 0
3322 A -8 0
3334 A -6 0
3344 A -7 0
3354 A+R -7 0
3360 A+R -8 0
3362 A+R -7 0
3366 A -7 0
3374 A -6 0
3376 A -7 0
3394 A -6 0
3396 A -7 0
3402 A -6 0
3406 A -7 0
3410 A -6 0
3418 A -5 0
3428 A+R -5 0
3432 A+R -4 0
3434 A+R -5 0
3440 A -5 0
3474 A -6 0
3476 A -4 0
3484 A -5 0
3486 A -4 0
3490 A -5 0
3492 A -4 0
3494 A -5 0
3496 A -4 0
3504 A -5 0
3506 A -4 0
3508 A -5 0
3510 A -4 0
3514 A -5 0
3516 A+R -4 0
3518 A+R -5 0
3520 A+R -4 0
3522 A+R -5 0
3524 A+R -4 0
3528 A -4 0
3532 A -5 0
3534 A -4 0
3536 A -5 0
3538 A -4 0
3540 A -5 0
3542 A -4 0
3594 A -3 0
3602 A -4 0
3604 A -3 0
3606 A -4 0
3608 A -3 0
3610 A -4 0
3612 A -3 0
3614 A -4 0
3616 A -3 0
3618 A -4 0
3620 A -5 0
3622 A -6 0
3624 A+R -7 0
3626 A+R -8 0
3628 A+R -9 0
3630 A+R -10 0
3634 A+R -11 0
3636 A -11 0
3638 A -12 0
3642 A -13 0
3652 B -13 0
3658 A -13 0
3660 B -13 0
3662 B -15 0
3664 B -14 0
3666 B -17 0
3670 A -20 0
3672 A -21 0
3674 A -22 0
3676 A -24 0
3678 A -25 0
3680 A -26 0
3682 A -27 0
3684 A -29 0
3690 A -31 0
3692 A -30 0
3694 A -32 0
3696 A -31 0
3698 A -32 0
3700 A -29 0
3702 A -30 0
3704 A -31 0
3706 A -32 0
3708 A -33 0
3710 A -34 0
3714 A -40 0
3716 A -34 0
3718 A -23 0
3720 A -25 0
3724 A -27 0
3728 A -29 0
3734 A -30 0
3736 A -31 0
3740 A -28 0
3742 A -30 0
3744 A -31 0
3746 A -33 0
3750 A -35 0
3752 A -32 0
3754 A -29 0
3756 A -31 0
3760 A -32 0
3764 A -34 0
3766 A -33 0
3768 A -31 0
3770 A -27 0
3774 A -30 0
3776 A -29 0
3780 A -30 0
3782 A -29 0
3784 A -26 0
3786 A -27 0
3790 A -26 0
3792 A -27 0
3794 A -25 0
3796 A -24 0
3798 A -25 0
3800 A -22 0
3802 A -23 0
3804 A -22 0
3806 A -21 0
3808 A -22 0
3810 A -21 0
3812 A -19 0
3814 A -18 0
3818 A -16 0
3822 A -17 0
3828 A -18 0
3830 A -17 0
3838 A -16 0
3840 A -17 0
3842 A -16 0
3844 A -17 0
3846 A -16 0
3848 A -15 0
3850 A -16 0
3852 A -15 0
3854 A -14 0
3856 A -15 0
3858 A -13 0
3860 A -12 0
3862 A -13 0
3864 A -12 0
3866 A -10 0
3868 A -11 0
3870 A -9 0
3872 A -7 0
3874 A -8 0
3876 A -6 0
3878 A -4 0
3882 A -2 0
3884 A -1 0
3888 A
3890 A 2 0
3892 A 4 0
3896 A 6 0
3898 A 8 0
3902 A 10 0
3904 A 12 0
3906 A 13 0
3908 A 14 0
3910 A 15 0
3912 A 17 0
3914 A 18 0
3916 A 19 0
3918 A 20 0
3920 A 21 0
3922 A 22 0
3924 A 24 0
3926 A 25 0
3928 A 26 0
3930 A 27 0
3932 B 28 0
3934 A 29 0
3936 A 28 0
3940 A 29 0
3942 A 24 0
3944 A 10 0
3946 A 12 0
3948 A 13 0
3954 B 13 0
3956 B 12 0
3960 B 11 0
3964 B 10 0
3966 B 11 0
3970 B 10 0
3972 A 10 0
3974 A 9 0
3978 B 8 0
3980 B 7 0
3984 B 6 0
3988 B 5 0
3990 B 4 0
3994 B 3 0
3996 B 4 0
3998 B 3 0
4004 B 2 0
4006 - 2 0
4008 - 1 0
4012 -
4016 B
4018 -
4020 - -1 0
4024 B
4028 B+Z
4030 Z
4040 B
4048 A
4050 B 3 0
4056 B 5 0
4058 B 6 0
4060 B 8 0
4066 - 9 0
4070 - 10 0
4072 - 12 0
4076 - 14 0
4080 - 15 0
4082 - 20 0
4084 - 21 0
4086 - 22 0
4088 Z 26 0
4090 Z 27 0
4092 Z 29 0
4094 Z 32 0
4096 Z 33 0
4098 Z 35 0
4100 - 37 0
4102 - 39 0
4104 - 40 0
4106 - 42 0
4108 - 44 0
4110 - 49 0
4112 - 51 0
4114 - 54 0
4116 - 57 0
4118 - 60 0
4120 - 63 0
4122 - 66 0
4124 - 67 0
4126 - 70 0
4128 - 73 0
4130 A 68 0
4132 A 59 0
4134 A 51 0
4136 - 46 0
4138 A 49 0
4140 - 53 0
4142 A 56 0
4144 A 57 0
4146 A 55 0
4148 A 54 0
4150 - 53 0
4152 - 55 0
4154 - 57 0
4156 - 59 0
4158 - 60 0
4160 A 59 0
4162 A 56 0
4164 A 54 0
4166 A 56 0
4168 A 58 0
4170 - 61 0
4172 - 65 0
4174 - 67 0
4176 A 66 0
4178 A 62 0
4180 A 58 0
4182 A 57 0
4184 A 60 0
4186 A 63 0
4188 A 66 0
4194 A 62 0
4196 A 53 0
4198 A 49 0
4200 A 52 0
4202 A 56 0
4204 A 53 0
4206 A 54 0
4208 A 56 0
4210 A 53 0
4212 A 49 0
4214 A 45 0
4216 A 49 0
4218 A 51 0
4220 A 53 0
4222 A 54 0
4224 A 49 0
4226 A 42 0
4228 A 41 0
4230 A 42 0
4232 A 44 0
4234 A 45 0
4236 A 44 0
4240 A 43 0
4242 A 37 0
4244 A 40 0
4246 A 42 0
4248 A 41 0
4250 A 43 0
4252 A 42 0
4254 A 40 0
4256 A 37 0
4258 A 36 0
4260 A+R 39 0
4264 A+R 40 0
4266 A+R 39 0
4268 A+R 38 0
4270 A+R 35 0
4272 A 35 0
4274 A 38 0
4276 A 37 0
4278 A 39 0
4280 A 37 0
4282 A 35 0
4284 A 30 0
4286 A 28 0
4290 A 30 0
4292 A 31 0
4294 A 30 0
4296 A 31 0
4298 A 28 0
4300 A 29 0
4302 A 28 0
4304 A 30 0
4306 A 28 0
4308 A 30 0
4312 A 29 0
4314 A 27 0
4316 A 28 0
4320 A 29 0
4324 A 30 0
4326 A 28 0
4330 B 28 0
4332 B 29 0
4334 B 30 0
4336 - 31 0
4338 - 29 0
4340 - 28 0
4344 - 30 0
4346 - 29 0
4348 - 31 0
4350 - 32 0
4352 - 31 0
4354 - 32 0
4356 - 30 0
4358 A 30 0
4360 A 29 0
4362 A 31 0
4366 A 32 0
4368 A 29 0
4370 A 30 0
4374 A 32 0
4378 A 34 0
4380 A 31 0
4384 A 30 0
4386 A 32 0
4388 A 31 0
4392 A 32 0
4394 A 30 0
4396 A 31 0
4398 A 32 0
4400 A 33 0
4404 A 35 0
4406 A+R 32 0
4408 A+R 31 0
4410 A+R 32 0
4412 A+R 35 0
4414 B+R 37 0
4416 B+R 39 0
4418 B 39 0
4422 B 41 0
4424 B 43 0
4426 B 46 0
4428 - 48 0
4432 - 43 0
4434 - 36 0
4436 - 39 0
4438 - 40 0
4440 - 43 0
4444 - 42 0
4446 Z 33 0
4448 B+Z 21 0
4450 B+Z 24 0
4452 B+Z 27 0
4454 B+Z 29 0
4456 B+Z 24 0
4458 B 14 0
4460 B 12 0
4462 B 13 0
4464 B 11 0
4466 B 12 0
4468 B 4 0
4470 B
4472 B -3 0
4474 B -6 0
4476 - -6 0
4478 - -3 0
4480 Z -13 0
4482 Z -20 0
4484 Z -24 0
4486 B+Z -27 0
4488 B+Z -28 0
4490 B+Z -30 0
4492 B -33 0
4494 B -35 0
4496 - -37 0
4498 B -39 0
4500 - -40 0
4502 - -42 0
4504 - -43 0
4506 - -44 0
4508 A -45 0
4510 - -47 0
4512 - -61 0
4514 - -63 0
4516 A -66 0
4518 - -69 0
4520 - -80 0
4524 A -80 0
4526 B -80 0
4546 A -80 0
4548 A+Z -80 0
4550 A+Z -73 0
4552 A+Z -57 0
4554 A+Z -42 0
4556 A+Z -26 0
4558 A+Z -27 0
4560 A -28 0
4564 A -29 0
4566 A -30 0
4570 A -26 0
4576 A -27 0
4586 A -28 0
4588 A -27 0
4596 A -28 0
4598 A -26 0
4602 A -24 0
4606 A -22 0
4612 A+R -23 0
4614 A+R -26 0
4618 A+R -27 0
4622 A+R -29 0
4624 A -30 0
4626 A -31 0
4628 - -32 0
4630 A -33 0
4632 - -34 0
4634 - -35 0
4638 A -36 0
4640 - -37 0
4642 - -36 0
4644 - -37 0
4646 - -38 0
4648 - -39 0
4650 - -43 0
4652 - -44 0
4654 - -46 0
4656 - -48 0
4658 - -52 0
4660 - -57 0
4662 A -59 0
4664 A -56 0
4666 A -52 0
4668 A -54 0
4670 - -57 0
4672 - -58 0
4674 A -57 0
4676 A -56 0
4678 - -50 0
4680 - -49 0
4682 - -51 0
4684 - -50 0
4686 - -53 0
4690 - -52 0
4692 - -51 0
4694 - -50 0
4696 - -52 0
4698 - -54 0
4700 - -56 0
4702 A -56 0
4704 A -55 0
4706 A -52 0
4708 A -53 0
4710 A -55 0
4714 A -57 0
4716 A -55 0
4718 A -54 0
4720 A -48 0
4722 A -50 0
4724 A -49 0
4726 A -52 0
4728 A -51 0
4730 A -50 0
4732 A -48 0
4734 A -50 0
4736 A -51 0
4738 A -53 0
4740 A -54 0
4742 A -50 0
4744 A -46 0
4746 A -48 0
4750 A -50 0
4754 A -47 0
4756 A -49 0
4758 A -53 0
4760 A -55 0
4762 A -51 0
4764 A -48 0
4766 A -50 0
4768 A -53 0
4770 A+R -55 0
4774 A+R -53 0
4776 A+R -52 0
4778 A+R -54 0
4782 A -54 0
4784 A -50 0
4786 A -47 0
4788 - -50 0
4790 A -49 0
4792 A -51 0
4794 A -46 0
4796 A -41 0
4798 A -40 0
4800 A -41 0
4802 A -42 0
4804 A -44 0
4806 A -43 0
4808 A -36 0
4812 A -35 0
4814 A -37 0
4816 - -36 0
4818 A -36 0
4820 - -30 0
4824 - -32 0
4826 - -31 0
4828 - -32 0
4830 - -31 0
4832 - -32 0
4836 - -33 0
4838 - -35 0
4840 - -34 0
4842 - -36 0
4844 - -35 0
4846 - -40 0
4848 - -39 0
4850 - -41 0
4852 - -39 0
4854 - -41 0
4856 A -40 0
4858 A -42 0
4860 - -40 0
4862 - -41 0
4864 - -44 0
4866 - -41 0
4868 - -43 0
4870 - -44 0
4872 - -46 0
4874 A -47 0
4876 - -49 0
4878 A -47 0
4880 A -49 0
4882 A -52 0
4886 A -54 0
4888 A -50 0
4890 A -51 0
4892 A -50 0
4894 A -53 0
4896 A -52 0
4900 A -51 0
4902 A -49 0
4904 A -53 0
4906 A -54 0
4908 A -52 0
4910 A -50 0
4912 A -53 0
4914 A -54 0
4916 A -53 0
4918 A -49 0
4922 A -52 0
4926 A -50 0
4928 A -47 0
4930 A -50 0
4932 A -49 0
4936 A -47 0
4938 A -45 0
4942 A -48 0
4944 A -46 0
4946 A -48 0
4948 B -44 0
4950 B -45 0
4952 A -44 0
4954 A -46 0
4956 B -44 0
4958 B -46 0
4960 - -39 0
4962 - -32 0
4964 B -29 0
4966 - -31 0
4968 - -29 0
4970 - -30 0
4972 - -27 0
4974 - -28 0
4976 - -22 0
4978 - -23 0
4980 - -17 0
4984 - -11 0
4986 - -12 0
4990 - -6 0
4994 - -1 0
4998 - 3 0
5002 B 8 0
5006 - 4 0
5008 B 9 0
5010 B 13 0
5012 B 14 0
5014 A 14 0
5016 B 22 0
5018 B 23 0
5020 B 24 0
5022 B 31 0
5024 B 33 0
5026 B 39 0
5028 B 40 0
5030 B 42 0
5032 B 47 0
5034 - 45 0
5036 - 47 0
5038 - 52 0
5040 - 55 0
5042 - 57 0
5044 - 61 0
5046 - 64 0
5048 - 67 0
5050 Z 70 0
5052 Z 71 0
5054 Z 74 0
5056 Z 76 0
5058 Z 75 0
5060 Z 77 0
5062 - 78 0
5064 - 80 0
5066 - 75 0
5068 A 75 0
5072 A 68 0
5074 A 67 0
5076 A 66 0
5078 A 62 0
5080 A 60 0
5082 A 58 0
5084 A 52 0
5086 A 49 0
5088 A 47 0
5090 A 40 0
5092 A 38 0
5094 A 37 0
5096 A 26 0
5098 A 32 0
5100 A 37 0
5102 A 36 0
5104 A 40 0
5106 A 44 0
5108 A 42 0
5110 A 46 0
5112 A 50 0
5114 A 53 0
5116 A 49 0
5118 A 53 0
5120 A 49 0
5122 A 51 0
5124 A 54 0
5128 A 57 0
5130 A 59 0
5132 A 58 0
5134 A 60 0
5136 A+R 58 0
5138 A+R 60 0
5140 A+R 61 0
5142 A+R 58 0
5146 A+R 53 0
5148 A 53 0
5150 A 48 0
5154 - 50 0
5156 - 49 0
5158 - 55 0
5160 - 60 0
5162 - 66 0
5164 - 64 0
5166 - 68 0
5168 - 65 0
5170 A 69 0
5172 - 72 0
5174 B 67 0
5176 B 69 0
5178 A 67 0
5180 A 68 0
5182 B 69 0
5184 B 65 0
5188 A 59 0
5190 A 62 0
5192 B 69 0
5194 B 70 0
5196 B 75 0
5198 B 74 0
5200 B 79 0
5202 B 80 0
5208 - 80 0
5210 - 79 0
5212 - 80 0
5214 A 80 0
5220 A 72 0
5224 A 62 0
5226 A 60 0
5228 A 58 0
5230 A 52 0
5232 A 55 0
5234 A 56 0
5236 A 60 0
5238 A 65 0
5240 B 64 0
5242 B 68 0
5244 B 66 0
5246 B 68 0
5248 A 71 0
5250 B 67 0
5252 B 68 0
5254 - 64 0
5256 A 70 0
5258 A 64 0
5260 A 57 0
5262 A 56 0
5264 A 55 0
5270 A 47 0
5276 A 39 0
5278 A 38 0
5282 A 36 0
5286 A 37 0
5288 A 34 0
5292 A 31 0
5298 A 27 0
5300 A 28 0
5302 A 23 0
5304 A 24 0
5308 A 19 0
5314 A 13 0
5320 A 14 0
5322 A 15 0
5324 A 8 0
5328 A 2 0
5332 A 3 0
5334 A -3 0
5342 A -2 0
5344 A -3 0
5354 A -4 0
5356 A -3 0
5358 A -5 0
5360 A -4 0
5364 A -6 0
5368 A -7 0
5374 A -9 0
5376 A -10 0
5378 A -12 0
5382 A -13 0
5384 A -14 0
5386 A -15 0
5390 A -11 0
5394 A -8 0
5398 A -4 0
5402 -
