# Arcade, one player: Jungle in Sunny weather, car 9 (Automatic transmission), driven on the computer driver's racing line.
#
# Written by n64/tools/n64drive.py (plan 'arc_jungle_sunny_car9'); the driver saw:
#   TOP GEAR RALLY: row 2
#   TRACK SELECT: row 2
#   P1 car 1
#   cheats: cars car9 car10 car11 car12 car15 tracks mirrors
#   TOP GEAR RALLY: row 1
#   1P/2P SELECT: row 0
#   TRACK SELECT: row 4
#   WEATHER SELECT: row 0
#   P1 car 9 handling=Type 1 transmission=Automatic tires=Slippy suspension=Normal
#   race 2400 frames (race over); P1 drove 0.20 laps
frames 5479
0 -
80 A
88 -
294 START
302 -
456 - 80 0
464 -
488 - 80 0
496 -
532 A
540 -
590 A
598 -
696 START
720 -
734 A
758 -
772 A
796 -
810 A
834 -
848 A
872 -
886 A
916 -
964 A
972 -
980 DL
988 -
996 DL
1004 -
1012 CD
1020 -
1028 A
1036 -
1044 DR
1052 -
1060 Z
1068 -
1084 DU
1092 -
1100 DU
1108 -
1116 Z
1124 -
1132 B
1140 -
1148 A
1156 -
1164 DL
1172 -
1180 DL
1188 -
1204 DD
1212 -
1220 A
1228 -
1236 DR
1244 -
1252 Z
1260 -
1268 DR
1276 -
1284 DU
1292 -
1300 CD
1308 -
1324 CD
1332 -
1340 DU
1348 -
1356 B
1364 -
1372 DR
1380 -
1388 A
1396 -
1404 CD
1412 -
1420 A
1428 -
1436 DR
1444 -
1460 B
1468 -
1476 B
1484 -
1492 A
1500 -
1508 DL
1516 -
1524 DL
1532 -
1540 CD
1548 -
1556 A
1564 -
1572 DR
1580 -
1596 DR
1604 -
1612 DU
1620 -
1628 DL
1636 -
1644 CD
1652 -
1660 CD
1668 -
1676 A
1684 -
1692 DR
1700 -
1708 Z
1716 -
1732 A
1740 -
1748 DL
1756 -
1764 DL
1772 -
1780 DR
1788 -
1796 DD
1804 -
1812 Z
1820 -
1836 DR
1844 -
1852 DU
1860 -
1868 DL
1876 -
1884 CD
1892 -
1900 DR
1908 -
1916 DD
1924 -
1932 Z
1940 -
1948 START
1956 -
2016 DU
2024 -
2064 START
2072 -
2108 - -80 0
2116 -
2152 A
2160 -
2210 A
2218 -
2256 - 80 0
2264 -
2288 - 80 0
2296 -
2332 A
2340 -
2390 A
2398 -
2496 - 80 0
2520 -
2534 - 80 0
2558 -
2572 - 80 0
2596 -
2610 - 80 0
2634 -
2648 - 80 0
2672 -
2686 - 80 0
2710 -
2724 - 80 0
2748 -
2762 - 80 0
2786 -
2800 A
2824 -
2838 A
2862 -
2876 A
2900 -
2914 - 80 0
2938 -
2952 A
2976 -
2990 A
3014 -
3028 A
3058 -
3078 A -18 0
3364 A -12 0
3388 A -7 0
3390 A -4 0
3398 A -5 0
3408 A -3 0
3422 A -1 0
3430 A -2 0
3434 A
3440 A 1 0
3444 A 2 0
3454 A 3 0
3462 A 1 0
3466 A 2 0
3470 A
3480 A -1 0
3486 A -2 0
3490 A -3 0
3494 A -4 0
3500 A -5 0
3504 A -6 0
3512 A -7 0
3518 A -8 0
3536 A -9 0
3538 A -8 0
3540 A -9 0
3548 A -8 0
3554 A -7 0
3556 A -8 0
3560 B -7 0
3562 B -8 0
3564 - -7 0
3566 - -8 0
3568 - -9 0
3570 - -8 0
3574 - -9 0
3576 - -17 0
3578 - -18 0
3582 - -26 0
3584 - -27 0
3586 - -32 0
3588 - -34 0
3590 - -35 0
3592 - -40 0
3594 - -41 0
3596 - -43 0
3598 - -47 0
3600 - -49 0
3602 - -51 0
3604 - -53 0
3606 - -56 0
3608 - -58 0
3610 - -61 0
3614 - -64 0
3616 - -67 0
3618 - -66 0
3620 - -68 0
3622 - -70 0
3624 - -67 0
3630 - -62 0
3632 - -60 0
3634 - -57 0
3636 A -55 0
3638 - -46 0
3640 - -43 0
3642 - -41 0
3644 - -31 0
3646 A -28 0
3648 A -26 0
3650 A -16 0
3652 A -13 0
3654 A -10 0
3656 A -8 0
3658 A -9 0
3660 A -8 0
3662 A -6 0
3666 A -5 0
3668 A -4 0
3670 A -3 0
3674 A -2 0
3676 A -1 0
3678 A
3684 A 1 0
3690 A 4 0
3698 A 3 0
3700 A 7 0
3706 A 10 0
3712 A 13 0
3718 A 16 0
3724 A 9 0
3726 A 4 0
3728 A 3 0
3730 A -1 0
3732 A -2 0
3734 A -3 0
3736 A -7 0
3738 A -8 0
3740 A -11 0
3742 A -13 0
3744 A -14 0
3746 A -17 0
3748 A -18 0
3750 A -20 0
3752 A -22 0
3754 A -24 0
3756 A -26 0
3758 A -27 0
3760 A -29 0
3762 A -30 0
3764 A -31 0
3766 A -32 0
3768 A -33 0
3772 A -34 0
3774 A -36 0
3776 A -35 0
3778 A -36 0
3780 A -34 0
3782 A -35 0
3784 A -33 0
3790 A -26 0
3792 A -25 0
3794 A -24 0
3796 A -23 0
3798 A -21 0
3800 A -20 0
3802 A -17 0
3804 A -16 0
3806 A -14 0
3808 A -12 0
3810 A -9 0
3814 A -8 0
3816 A -5 0
3818 A -4 0
3820 A -1 0
3824 A 1 0
3828 A 4 0
3832 A 7 0
3834 A 8 0
3836 A 11 0
3840 A 13 0
3844 A 16 0
3848 A 18 0
3852 A 20 0
3856 A 21 0
3860 A 22 0
3862 A 21 0
3864 A 22 0
3866 A 21 0
3870 A 20 0
3876 A 19 0
3878 A 18 0
3880 A 17 0
3882 A 16 0
3884 A 15 0
3886 A 12 0
3888 A 11 0
3890 A 10 0
3892 A 8 0
3894 A 7 0
3896 A 5 0
3898 A 4 0
3900 A 2 0
3904 A
3906 A -1 0
3908 A -2 0
3910 A -4 0
3914 A -6 0
3916 A -8 0
3920 A -10 0
3924 A -12 0
3926 A -13 0
3930 A -15 0
3934 A -16 0
3940 A -17 0
3942 A -16 0
3948 A -15 0
3952 A -14 0
3954 A -13 0
3956 A -12 0
3960 A -11 0
3962 A -10 0
3964 A -9 0
3966 A -8 0
3968 A -7 0
3970 A -6 0
3972 A -5 0
3976 A -3 0
3978 A -2 0
3982 A
3986 A 1 0
3988 A 2 0
3992 A 4 0
3994 A 6 0
3998 B 7 0
4002 B 9 0
4004 B 12 0
4006 B 11 0
4008 B 13 0
4012 B 15 0
4016 B 17 0
4018 B 15 0
4020 B 12 0
4022 B 13 0
4024 B 11 0
4026 B 12 0
4028 - 10 0
4030 - 11 0
4032 - 9 0
4034 - 11 0
4036 - 9 0
4038 - 11 0
4040 - 9 0
4042 B 10 0
4044 B 9 0
4046 B 8 0
4048 B 9 0
4050 B 5 0
4052 B 7 0
4054 B 6 0
4056 B 8 0
4058 B 7 0
4060 A 6 0
4062 B 8 0
4064 B 7 0
4066 B 14 0
4068 B 13 0
4070 A 13 0
4072 B 19 0
4074 B 18 0
4076 B 23 0
4078 - 18 0
4082 - 24 0
4086 - 25 0
4088 - 29 0
4092 - 30 0
4094 - 33 0
4098 - 34 0
4102 - 35 0
4106 - 34 0
4112 - 32 0
4114 - 31 0
4116 A 31 0
4118 A 28 0
4120 A 27 0
4124 A 22 0
4126 A 21 0
4130 A 16 0
4132 A 15 0
4136 A 8 0
4142 A 1 0
4146 A -4 0
4148 A -5 0
4152 A -11 0
4154 A -12 0
4158 A -18 0
4162 A -7 0
4164 A
4166 A 1 0
4168 A 9 0
4170 A 10 0
4172 A 11 0
4174 A 18 0
4176 A 19 0
4178 B 21 0
4180 A 26 0
4182 A 27 0
4184 A 30 0
4186 A 31 0
4188 A 32 0
4190 A 34 0
4192 A 35 0
4198 A 36 0
4200 A 34 0
4206 B 31 0
4208 A 31 0
4210 A 27 0
4212 A 26 0
4216 A 21 0
4218 A 20 0
4220 A 15 0
4222 A 14 0
4224 A 13 0
4226 A 7 0
4230 A 1 0
4232 A
4236 A -5 0
4240 A -11 0
4242 A -12 0
4244 A -18 0
4250 A -23 0
4254 A -28 0
4260 A -21 0
4262 A -20 0
4264 A -14 0
4266 A -13 0
4268 A -7 0
4270 A -6 0
4272 A -4 0
4274 A
4276 A 1 0
4278 - 5 0
4280 A 6 0
4282 - 10 0
4284 - 11 0
4286 A 13 0
4288 - 21 0
4290 A 23 0
4292 - 29 0
4294 - 31 0
4296 A 37 0
4298 - 39 0
4300 - 41 0
4302 A 46 0
4304 A 48 0
4306 A 52 0
4308 A 55 0
4310 A 59 0
4312 A 62 0
4314 A 64 0
4316 B 65 0
4318 A 66 0
4320 A 67 0
4322 A 63 0
4324 A 62 0
4326 A 60 0
4328 A 52 0
4330 A 49 0
4332 A 46 0
4334 A 37 0
4336 A 33 0
4338 A 27 0
4340 A 23 0
4342 A 16 0
4344 A 13 0
4346 A 10 0
4348 A 6 0
4350 A 10 0
4352 A 9 0
4354 A 13 0
4356 A 16 0
4358 A 15 0
4360 A 19 0
4362 A 21 0
4364 A 24 0
4366 A 25 0
4368 A 28 0
4370 A 31 0
4372 A 33 0
4374 A 32 0
4376 A 30 0
4378 A 28 0
4380 A 29 0
4384 A 26 0
4388 A 22 0
4392 A 18 0
4394 A 17 0
4398 A 12 0
4400 A 11 0
4402 A 7 0
4404 A 6 0
4406 A 3 0
4408 A 2 0
4412 A
4416 A -3 0
4420 A -7 0
4424 A -10 0
4428 A -13 0
4430 A -14 0
4432 A -16 0
4434 A -17 0
4436 A -19 0
4438 A -20 0
4440 A -22 0
4442 A -23 0
4444 A -25 0
4448 A -27 0
4452 A -29 0
4454 A -28 0
4456 A -29 0
4458 A -28 0
4462 A -26 0
4466 A -24 0
4468 A -23 0
4470 A -22 0
4472 A -20 0
4474 A -19 0
4476 A -17 0
4478 A -15 0
4480 A -12 0
4482 A -11 0
4484 A -8 0
4486 A -7 0
4488 A -4 0
4490 A -3 0
4492 A -2 0
4494 A -1 0
4496 A
4502 A 1 0
4504 A 2 0
4506 A 3 0
4508 B 4 0
4510 B 5 0
4512 B 6 0
4514 A 6 0
4516 B 7 0
4518 B 6 0
4520 B 8 0
4524 B 9 0
4528 B 10 0
4530 - 10 0
4532 - 11 0
4536 - 13 0
4538 - 12 0
4540 - 13 0
4544 - 15 0
4546 - 14 0
4548 - 16 0
4552 - 17 0
4554 - 16 0
4556 - 17 0
4560 - 18 0
4564 - 17 0
4566 B 16 0
4568 B 15 0
4570 B 14 0
4572 - 13 0
4574 B 12 0
4578 B 14 0
4580 A 13 0
4584 B 15 0
4586 B 14 0
4588 B 15 0
4598 A 14 0
4604 A 13 0
4608 A 11 0
4614 A 9 0
4620 A 7 0
4624 A 11 0
4628 A 12 0
4630 A 15 0
4634 A 18 0
4638 A 19 0
4640 A 20 0
4642 A 21 0
4646 A 22 0
4648 A 21 0
4650 A 22 0
4654 A 20 0
4656 - 21 0
4658 A 21 0
4660 - 18 0
4662 A 19 0
4664 A 15 0
4666 - 16 0
4668 A 19 0
4670 - 20 0
4672 A 22 0
4674 A 23 0
4676 A 24 0
4678 - 25 0
4680 A 25 0
4684 A 26 0
4686 - 24 0
4688 A 25 0
4690 A 22 0
4694 A 20 0
4696 A 19 0
4700 A 20 0
4702 A 15 0
4704 A 16 0
4706 A 11 0
4712 A 6 0
4716 A 4 0
4718 A 5 0
4720 A 3 0
4724 A 1 0
4728 A
4734 A -2 0
4738 A -5 0
4742 A -8 0
4746 A -7 0
4748 A -9 0
4750 A -8 0
4752 A -7 0
4754 A -8 0
4756 A -6 0
4758 A -5 0
4760 A -3 0
4762 A -2 0
4764 A -1 0
4766 A
4772 A 1 0
4776 A 2 0
4778 A 1 0
4780 A 2 0
4782 A 1 0
4784 A 2 0
4786 A 1 0
4788 A 2 0
4790 A 1 0
4794 A
4796 A 1 0
4798 A
4802 A -3 0
4806 A -8 0
4810 A -12 0
4814 B -15 0
4818 B -18 0
4820 - -18 0
4822 - -17 0
4824 - -19 0
4828 - -21 0
4832 - -22 0
4836 A -22 0
4844 A -21 0
4846 A -20 0
4848 A -19 0
4852 A -17 0
4854 A -16 0
4856 A -14 0
4858 A -13 0
4860 A -11 0
4862 A -10 0
4864 A -8 0
4866 A -7 0
4868 A -4 0
4872 A -1 0
4876 A 1 0
4878 A
4880 A 3 0
4884 A 6 0
4886 A 9 0
4890 A 12 0
4894 A 15 0
4898 A 14 0
4900 A 13 0
4902 A 12 0
4904 A 11 0
4906 A 9 0
4908 A 8 0
4910 A 7 0
4912 A 6 0
4914 A 5 0
4916 A 4 0
4918 A 3 0
4920 A 2 0
4924 A
4928 A -1 0
4932 A -3 0
4934 A -2 0
4936 A -4 0
4940 A -5 0
4942 A -4 0
4944 A -6 0
4946 A -5 0
4948 A -6 0
4950 A -5 0
4952 A -4 0
4954 A -5 0
4956 B -3 0
4958 B -5 0
4960 B -7 0
4962 B -8 0
4964 B -10 0
4966 - -11 0
4968 B -12 0
4970 B -13 0
4972 B -14 0
4974 B -15 0
4976 - -16 0
4978 - -17 0
4984 - -18 0
4986 - -17 0
4988 - -18 0
4990 - -17 0
4992 A -17 0
4994 - -15 0
4998 A -16 0
5000 - -13 0
5004 A -16 0
5006 - -16 0
5008 - -18 0
5010 A -19 0
5012 - -19 0
5014 B -20 0
5016 B -21 0
5018 A -21 0
5020 B -21 0
5022 B -20 0
5026 B -21 0
5028 B -19 0
5032 A -19 0
5034 A -16 0
5036 B -16 0
5038 A -16 0
5040 B -13 0
5044 A -18 0
5046 - -13 0
5048 - -14 0
5050 - -9 0
5054 - -10 0
5056 - -4 0
5058 - -5 0
5062 -
5066 - -1 0
5068 - 4 0
5074 -
5076 - -1 0
5080 - -5 0
5082 - -6 0
5084 - -7 0
5086 - -10 0
5088 - -11 0
5090 - -12 0
5092 - -13 0
5094 - -14 0
5096 - -15 0
5098 - -16 0
5100 A -17 0
5104 A -18 0
5110 A -19 0
5112 A -18 0
5118 A -16 0
5120 A -17 0
5124 A -14 0
5130 A -22 0
5136 B -31 0
5140 B -23 0
5142 - -32 0
5144 - -33 0
5146 - -34 0
5148 - -41 0
5150 - -42 0
5154 - -47 0
5158 - -48 0
5160 - -49 0
5166 - -48 0
5168 - -47 0
5174 - -46 0
5176 - -41 0
5180 - -40 0
5182 A -40 0
5184 A -33 0
5186 A -32 0
5188 A -31 0
5190 A -23 0
5192 A -22 0
5194 A -21 0
5196 A -20 0
5198 A -11 0
5200 A -10 0
5202 A -9 0
5204 A
5208 A 1 0
5210 A 10 0
5212 A 11 0
5216 A 12 0
5218 A 21 0
5224 A 30 0
5230 A 37 0
5236 A 43 0
5240 A 42 0
5242 A 47 0
5244 A 46 0
5246 A 45 0
5248 A 31 0
5250 A 29 0
5252 A 27 0
5254 A 4 0
5256 A 1 0
5258 A -1 0
5260 A -10 0
5262 A -12 0
5264 A -14 0
5266 A -23 0
5268 A -25 0
5270 A -27 0
5296 A -34 0
5298 A -80 0
5442 A 0 -80
5444 A 80 -80
5478 -
