# Arcade, one player: Jungle in Night weather, car 8 (Manual transmission), driven on the computer driver's racing line.
#
# Written by n64/tools/n64drive.py (plan 'arc_jungle_night_car8'); the driver saw:
#   TOP GEAR RALLY: row 2
#   TRACK SELECT: row 2
#   P1 car 1
#   cheats: cars car9 car10 car11 car12 car15 tracks mirrors
#   TOP GEAR RALLY: row 1
#   1P/2P SELECT: row 0
#   TRACK SELECT: row 4
#   WEATHER SELECT: row 4
#   P1 car 8 handling=Type 3 transmission=Manual tires=Slippy suspension=Normal
#   race 2400 frames; P1 drove 0.19 laps
frames 5869
0 -
80 A
88 -
294 START
302 -
502 - 80 0
510 -
534 - 80 0
542 -
626 - 80 0
634 -
670 A
678 -
728 A
736 -
834 START
858 -
872 A
896 -
910 A
934 -
948 A
972 -
986 A
1010 -
1024 A
1058 -
1106 A
1114 -
1122 DL
1130 -
1138 DL
1146 -
1154 CD
1162 -
1170 A
1178 -
1186 DR
1194 -
1202 Z
1210 -
1226 DU
1234 -
1242 DU
1250 -
1258 Z
1266 -
1274 B
1282 -
1290 A
1298 -
1306 DL
1314 -
1322 DL
1330 -
1346 DD
1354 -
1362 A
1370 -
1378 DR
1386 -
1394 Z
1402 -
1410 DR
1418 -
1426 DU
1434 -
1442 CD
1450 -
1466 CD
1474 -
1482 DU
1490 -
1498 B
1506 -
1514 DR
1522 -
1530 A
1538 -
1546 CD
1554 -
1562 A
1570 -
1578 DR
1586 -
1602 B
1610 -
1618 B
1626 -
1634 A
1642 -
1650 DL
1658 -
1666 DL
1674 -
1682 CD
1690 -
1698 A
1706 -
1714 DR
1722 -
1738 DR
1746 -
1754 DU
1762 -
1770 DL
1778 -
1786 CD
1794 -
1802 CD
1810 -
1818 A
1826 -
1834 DR
1842 -
1850 Z
1858 -
1874 A
1882 -
1890 DL
1898 -
1906 DL
1914 -
1922 DR
1930 -
1938 DD
1946 -
1954 Z
1962 -
1978 DR
1986 -
1994 DU
2002 -
2010 DL
2018 -
2026 CD
2034 -
2042 DR
2050 -
2058 DD
2066 -
2074 Z
2082 -
2090 START
2098 -
2158 DU
2166 -
2206 START
2214 -
2250 - -80 0
2258 -
2294 A
2302 -
2352 A
2360 -
2398 - 80 0
2406 -
2430 - 80 0
2438 -
2522 - 80 0
2530 -
2566 A
2574 -
2612 - -80 0
2620 -
2656 A
2664 -
2762 - 80 0
2786 -
2804 - 80 0
2828 -
2846 - 80 0
2870 -
2888 - 80 0
2912 -
2930 - 80 0
2954 -
2972 - 80 0
2996 -
3014 - 80 0
3038 -
3056 A
3080 -
3094 - 80 0
3118 -
3136 - 80 0
3160 -
3178 A
3202 -
3216 - 80 0
3240 -
3258 A
3282 -
3296 - 80 0
3320 -
3338 A
3362 -
3376 A
3400 -
3414 A
3448 -
3468 A -18 0
3744 A -17 0
3752 A -16 0
3760 A -15 0
3762 A -9 0
3780 A -8 0
3794 A -3 0
3800 A -4 0
3804 A -1 0
3816 A 1 0
3832 A 3 0
3848 A 5 0
3858 A 6 0
3864 A+R 7 0
3866 A+R 6 0
3868 A+R 7 0
3870 A+R 6 0
3872 A+R 7 0
3876 A 6 0
3878 A 7 0
3882 A 6 0
3884 A 3 0
3886 A 4 0
3894 A 2 0
3904 A
3914 A -1 0
3922 A -2 0
3930 A -4 0
3938 A -5 0
3942 A -6 0
3952 A -7 0
3956 A -6 0
3960 A -7 0
3962 A -6 0
3976 A -7 0
3978 A -6 0
3994 A -5 0
3996 A -4 0
3998 A -5 0
4000 A -4 0
4002 A -5 0
4024 A+R -5 0
4028 A+R -14 0
4032 A+R -15 0
4036 A -22 0
4040 A -23 0
4042 A -28 0
4044 - -28 0
4046 A -29 0
4048 - -33 0
4050 A -33 0
4052 - -33 0
4054 A -33 0
4056 - -34 0
4058 A -34 0
4060 A -33 0
4062 A -32 0
4064 A -31 0
4066 A -29 0
4068 A -26 0
4070 A -24 0
4072 A -22 0
4074 A -19 0
4076 A -15 0
4078 A -13 0
4080 A -10 0
4082 A -6 0
4084 A -4 0
4086 A -2 0
4088 A 2 0
4090 A 4 0
4092 A 5 0
4094 A 10 0
4096 A 11 0
4098 A 12 0
4102 A 17 0
4108 A 21 0
4112 A 20 0
4114 A 11 0
4116 A 10 0
4118 A 8 0
4120 A
4124 A -2 0
4126 A -8 0
4128 A -10 0
4130 A -11 0
4132 A -16 0
4134 A -18 0
4136 A -19 0
4138 A -20 0
4140 A -23 0
4144 A -24 0
4152 A -23 0
4154 A -22 0
4156 A -21 0
4158 A -18 0
4160 A -17 0
4162 A -16 0
4164 A -12 0
4166 A -11 0
4168 A -9 0
4170 A -5 0
4172 A -4 0
4174 A -3 0
4176 A -8 0
4180 A -7 0
4182 A -11 0
4188 A -13 0
4192 A -14 0
4200 A -13 0
4206 A -11 0
4214 A -8 0
4220 A -4 0
4226 A
4232 A 3 0
4236 A 7 0
4242 A 12 0
4246 A 11 0
4248 A 15 0
4252 A 14 0
4254 A 17 0
4256 A 16 0
4260 A 18 0
4262 A 17 0
4264 A 16 0
4266 A 17 0
4268 A 16 0
4270 A 15 0
4272 A 13 0
4274 A 11 0
4276 A 9 0
4278 A 6 0
4280 A 5 0
4282 A 2 0
4284 A 1 0
4286 A
4288 A -2 0
4290 A -4 0
4292 A -6 0
4294 A -8 0
4296 A -10 0
4298 A -11 0
4300 A -13 0
4302 A -14 0
4304 A -16 0
4306 A -17 0
4308 A -18 0
4310 A -19 0
4312 A -20 0
4314 A -21 0
4320 A -22 0
4322 A -21 0
4324 A -20 0
4326 A -18 0
4328 A -16 0
4330 A -14 0
4332 A -12 0
4334 A -10 0
4336 A -8 0
4338 A -6 0
4340 A -4 0
4342 A -2 0
4344 A
4348 A 2 0
4350 A 3 0
4352 A 4 0
4354 A 6 0
4356 A 7 0
4358 A 9 0
4362 A 10 0
4364 A 11 0
4368 A 13 0
4372 A 14 0
4374 A 13 0
4384 A 12 0
4386 A 11 0
4392 A 10 0
4394 A 9 0
4396 A 8 0
4398 A 6 0
4400 A 5 0
4402 A 4 0
4404 A 3 0
4406 A 1 0
4408 A
4412 A -1 0
4414 A -2 0
4416 A -4 0
4418 A+R -4 0
4420 A+R -6 0
4424 A+R -8 0
4428 A+R -9 0
4430 A -10 0
4438 A -11 0
4448 A -10 0
4452 A -9 0
4456 A -8 0
4458 A -7 0
4460 A -6 0
4462 A -5 0
4464 A -4 0
4466 A -3 0
4468 A -2 0
4470 A -1 0
4472 A
4478 A 1 0
4480 A 2 0
4484 A 3 0
4488 A 5 0
4492 A 6 0
4496 A 7 0
4498 A 8 0
4502 A 9 0
4504 A 10 0
4506 A 11 0
4510 A 12 0
4520 A 11 0
4524 A 10 0
4528 A 9 0
4530 A 7 0
4532 A 6 0
4534 A 5 0
4536 A 4 0
4538 A 3 0
4540 A 2 0
4544 A 1 0
4546 A
4552 A -1 0
4554 A -2 0
4558 A -3 0
4562 A -4 0
4564 A -5 0
4568 A -6 0
4572 A -7 0
4576 A -8 0
4584 - -9 0
4588 B -9 0
4590 - -9 0
4592 B -9 0
4600 A -8 0
4602 B -8 0
4604 B -7 0
4606 B -6 0
4608 B
4612 B 5 0
4614 B 6 0
4616 B 7 0
4618 - 8 0
4620 - 9 0
4622 - 10 0
4624 - 16 0
4628 - 21 0
4630 - 20 0
4634 Z 21 0
4636 Z 20 0
4638 Z 19 0
4640 Z 20 0
4642 Z 19 0
4644 Z 18 0
4646 - 18 0
4648 - 17 0
4650 - 15 0
4652 - 14 0
4654 A 13 0
4656 A 12 0
4658 A 10 0
4660 A 9 0
4662 A 8 0
4664 A 5 0
4668 A 4 0
4670 A
4674 A -3 0
4676 A -6 0
4678 A -8 0
4680 A -10 0
4682 A -11 0
4684 A -12 0
4686 A -14 0
4688 A -15 0
4690 A -16 0
4694 A -17 0
4696 A -3 0
4698 A -2 0
4702 A 10 0
4704 A 11 0
4706 A 23 0
4708 A 24 0
4710 A 25 0
4712 A 35 0
4714 A 36 0
4716 A 42 0
4720 A 41 0
4722 B 45 0
4724 B 43 0
4726 - 41 0
4728 - 39 0
4730 - 38 0
4732 A 36 0
4734 A 33 0
4736 A 31 0
4738 A 27 0
4740 A 24 0
4742 A 21 0
4744 A 15 0
4746 A 12 0
4748 A 9 0
4750 A 2 0
4752 A
4756 A -8 0
4758 A -9 0
4760 A -10 0
4762 A -18 0
4766 A -19 0
4768 A -26 0
4772 A -25 0
4774 A -31 0
4776 A -30 0
4778 A -28 0
4780 A -32 0
4782 A -30 0
4784 A -28 0
4786 A -31 0
4788 A -29 0
4790 A -25 0
4792 A -27 0
4794 A -24 0
4796 A -21 0
4798 A -22 0
4800 A -18 0
4802 A -15 0
4804 A -16 0
4806 A -13 0
4808 A -10 0
4810 A -9 0
4812 A -6 0
4814 A -4 0
4816 A 8 0
4818 A 11 0
4820 A 13 0
4822 - 25 0
4824 - 27 0
4826 - 29 0
4828 - 38 0
4830 - 39 0
4832 - 41 0
4834 - 47 0
4836 - 48 0
4838 - 47 0
4840 - 50 0
4842 - 48 0
4844 - 46 0
4846 - 45 0
4848 - 42 0
4850 A 38 0
4852 - 41 0
4854 A 37 0
4856 A 34 0
4858 A 30 0
4862 A 26 0
4864 A 22 0
4866 A 19 0
4868 A 15 0
4870 A 12 0
4872 A 9 0
4874 A 5 0
4876 A 2 0
4878 A
4880 A -3 0
4882 A -5 0
4884 A -7 0
4886 A -11 0
4888 A -12 0
4890 A -13 0
4892 A -14 0
4894 A -18 0
4896 A -19 0
4902 A -22 0
4906 A -21 0
4908 A -24 0
4910 A -23 0
4912 A -21 0
4914 A -19 0
4916 A -22 0
4918 A -20 0
4920 A -18 0
4922 A -16 0
4924 A -13 0
4926 A -11 0
4928 A -9 0
4930 A -7 0
4932 A -5 0
4934 A -3 0
4936 A -1 0
4938 A
4940 A 2 0
4942 A 3 0
4944 A 4 0
4954 A 5 0
4956 A 8 0
4962 A 11 0
4968 A 14 0
4976 A 16 0
4980 A 17 0
4982 A 18 0
4986 A 19 0
4990 A 20 0
4996 A 21 0
5004 A 22 0
5010 A 23 0
5016 A 24 0
5018 A 23 0
5022 A 22 0
5026 A 20 0
5028 A 18 0
5030 A 17 0
5032 A 14 0
5034 A 13 0
5036 A 10 0
5038 A 8 0
5040 A 7 0
5042 A 4 0
5044 A 2 0
5046 A 1 0
5048 A -1 0
5050 A -2 0
5052 A -3 0
5054 A -6 0
5056 A -7 0
5058 A -10 0
5060 A -11 0
5064 A -14 0
5068 A -13 0
5070 A -16 0
5072 A -15 0
5074 A -18 0
5076 A -17 0
5078 A -16 0
5080 A -17 0
5082 A -16 0
5084 A -14 0
5086 A -15 0
5088 A -13 0
5090 A -14 0
5092 A -12 0
5094 A -11 0
5098 A -9 0
5102 A -7 0
5104 A -6 0
5106 A -5 0
5108 A -4 0
5110 A -2 0
5114 A -1 0
5116 A
5122 A 1 0
5124 A 2 0
5126 A 1 0
5130 A 2 0
5132 A 1 0
5136 A+R 1 0
5148 A 1 0
5160 A 2 0
5168 A 1 0
5172 A
5176 -
5178 A
5180 -
5182 A
5184 -
5186 A
5188 - 1 0
5190 A 1 0
5192 - 2 0
5194 A 2 0
5196 - 2 0
5198 A 3 0
5200 - 4 0
5202 A 5 0
5204 - 5 0
5206 A 6 0
5208 - 6 0
5210 A 6 0
5212 - 6 0
5214 A 7 0
5216 B 7 0
5220 A 11 0
5222 B 11 0
5224 B 14 0
5230 B 16 0
5234 B 18 0
5240 - 18 0
5244 - 19 0
5246 - 18 0
5250 - 17 0
5254 A 16 0
5256 A 15 0
5258 A 14 0
5260 A 13 0
5262 A 10 0
5264 A 9 0
5268 A 6 0
5270 A 5 0
5272 A 4 0
5274 A 9 0
5276 A 13 0
5278 A 15 0
5284 A 16 0
5288 A 15 0
5294 A 14 0
5296 A 13 0
5298 A 12 0
5300 A 11 0
5302 A 10 0
5304 A 9 0
5308 A 6 0
5312 A 3 0
5318 A 7 0
5320 A 8 0
5322 A 11 0
5324 A 12 0
5328 A 14 0
5330 A 15 0
5334 A 16 0
5344 A 14 0
5348 A 12 0
5350 A 11 0
5354 A 10 0
5356 A 7 0
5360 A 3 0
5366 A
5392 A -1 0
5394 A
5398 A -1 0
5402 A -2 0
5408 A -3 0
5414 A
5418 A 4 0
5420 A 5 0
5424 A 8 0
5426 A 9 0
5428 A 12 0
5430 A 13 0
5432 A 15 0
5436 A 16 0
5438 A 17 0
5446 A 16 0
5448 A 15 0
5450 A 14 0
5452 A 12 0
5454 A 11 0
5456 A 8 0
5460 A 5 0
5462 A 4 0
5464 A 3 0
5466 A 1 0
5468 A
5470 A -2 0
5474 A -8 0
5476 A -9 0
5480 A -16 0
5484 A -21 0
5490 A -24 0
5494 - -27 0
5496 - -25 0
5498 A -24 0
5500 - -24 0
5502 A -22 0
5504 - -22 0
5506 A -20 0
5508 - -19 0
5510 A -16 0
5512 A -14 0
5514 A -12 0
5516 A -10 0
5518 A -8 0
5520 A -6 0
5522 A -4 0
5524 A -2 0
5526 A -1 0
5528 A
5530 A 1 0
5532 A 3 0
5534 A 4 0
5536 A 7 0
5540 A 9 0
5542 A 10 0
5546 A 12 0
5550 A 14 0
5552 A 13 0
5554 A 15 0
5556 A 14 0
5558 A 16 0
5560 A 15 0
5562 A 17 0
5564 A 16 0
5568 A 17 0
5570 A 16 0
5572 A 17 0
5574 A 16 0
5578 A 15 0
5580 A 13 0
5584 A 12 0
5586 A 6 0
5588 A 4 0
5590 A -1 0
5592 A -2 0
5594 A -6 0
5596 A -7 0
5598 A -8 0
5600 A -11 0
5604 A -13 0
5606 A -12 0
5608 - -13 0
5612 - -14 0
5618 A -14 0
5620 - -14 0
5622 A -13 0
5624 - -13 0
5626 A -12 0
5628 - -12 0
5630 A -10 0
5632 - -10 0
5634 A -8 0
5636 A -7 0
5638 - -7 0
5640 A -5 0
5644 A -3 0
5646 A -2 0
5648 A
5652 A 1 0
5656 A
5660 A -1 0
5662 - -3 0
5666 - -4 0
5668 - -5 0
5670 - -6 0
5672 - -7 0
5674 A -8 0
5676 - -8 0
5678 A -9 0
5682 - -10 0
5684 A -9 0
5686 - -10 0
5688 A -9 0
5690 - -9 0
5692 A -8 0
5694 - -8 0
5696 A -9 0
5698 - -13 0
5700 A -13 0
5702 A -16 0
5704 - -16 0
5706 B -18 0
5710 A -18 0
5712 A -19 0
5714 A -18 0
5716 B -18 0
5718 B -17 0
5720 B -15 0
5722 B -14 0
5726 B -11 0
5728 A -10 0
5730 A -9 0
5732 B -6 0
5736 A -9 0
5738 - -5 0
5744 - -1 0
5750 Z 3 0
5752 Z 2 0
5754 Z 7 0
5760 Z 11 0
5762 - 11 0
5766 - 4 0
5770 - 3 0
5772 - -1 0
5774 - -2 0
5776 - -3 0
5778 - -4 0
5780 - -8 0
5782 - -9 0
5784 - -10 0
5786 - -13 0
5790 - -14 0
5792 - -16 0
5796 - -17 0
5802 A -17 0
5806 A -16 0
5810 A -15 0
5812 A -13 0
5816 A -12 0
5818 A -11 0
5820 A -8 0
5824 A -7 0
5826 A -4 0
5828 A -3 0
5832 A -15 0
5838 - -25 0
5840 - -26 0
5844 - -33 0
5850 - -32 0
5852 A -36 0
5854 - -35 0
5856 A -34 0
5858 - -35 0
5860 - -34 0
5862 - -32 0
5864 - -30 0
5866 - -28 0
5868 -
