# Arcade, one player: Mirror Mountain in Snow weather, car 12 (Manual transmission), driven on the computer driver's racing line.
#
# Written by n64/tools/n64drive.py (plan 'arc_mmountain_snow_car12'); the driver saw:
#   TOP GEAR RALLY: row 2
#   TRACK SELECT: row 2
#   P1 car 1
#   cheats: cars car9 car10 car11 car12 car15 tracks mirrors
#   TOP GEAR RALLY: row 1
#   1P/2P SELECT: row 0
#   TRACK SELECT: row 6
#   WEATHER SELECT: row 3
#   P1 car 12 handling=Type 3 transmission=Manual tires=Grippy suspension=Harder
#   race 2400 frames; P1 drove 0.15 laps
frames 6409
0 -
80 A
88 -
294 START
302 -
502 - 80 0
510 -
534 - 80 0
542 -
626 - 80 0
634 -
670 A
678 -
728 A
736 -
834 START
858 -
872 A
896 -
910 A
934 -
948 A
972 -
986 A
1010 -
1024 A
1058 -
1106 A
1114 -
1122 DL
1130 -
1138 DL
1146 -
1154 CD
1162 -
1170 A
1178 -
1186 DR
1194 -
1202 Z
1210 -
1226 DU
1234 -
1242 DU
1250 -
1258 Z
1266 -
1274 B
1282 -
1290 A
1298 -
1306 DL
1314 -
1322 DL
1330 -
1346 DD
1354 -
1362 A
1370 -
1378 DR
1386 -
1394 Z
1402 -
1410 DR
1418 -
1426 DU
1434 -
1442 CD
1450 -
1466 CD
1474 -
1482 DU
1490 -
1498 B
1506 -
1514 DR
1522 -
1530 A
1538 -
1546 CD
1554 -
1562 A
1570 -
1578 DR
1586 -
1602 B
1610 -
1618 B
1626 -
1634 A
1642 -
1650 DL
1658 -
1666 DL
1674 -
1682 CD
1690 -
1698 A
1706 -
1714 DR
1722 -
1738 DR
1746 -
1754 DU
1762 -
1770 DL
1778 -
1786 CD
1794 -
1802 CD
1810 -
1818 A
1826 -
1834 DR
1842 -
1850 Z
1858 -
1874 A
1882 -
1890 DL
1898 -
1906 DL
1914 -
1922 DR
1930 -
1938 DD
1946 -
1954 Z
1962 -
1978 DR
1986 -
1994 DU
2002 -
2010 DL
2018 -
2026 CD
2034 -
2042 DR
2050 -
2058 DD
2066 -
2074 Z
2082 -
2090 START
2098 -
2158 DU
2166 -
2206 START
2214 -
2250 - -80 0
2258 -
2294 A
2302 -
2352 A
2360 -
2398 - 80 0
2406 -
2430 - 80 0
2438 -
2522 - 80 0
2530 -
2554 - 80 0
2562 -
2646 - 80 0
2654 -
2678 - 80 0
2686 -
2770 - 80 0
2778 -
2814 A
2822 -
2860 - -80 0
2868 -
2892 - -80 0
2900 -
2984 - -80 0
2992 -
3028 A
3036 -
3134 - 80 0
3158 -
3176 - 80 0
3200 -
3218 - 80 0
3242 -
3260 - 80 0
3284 -
3302 - 80 0
3326 -
3344 - 80 0
3368 -
3386 - 80 0
3410 -
3428 - 80 0
3452 -
3470 - 80 0
3494 -
3512 - 80 0
3536 -
3554 - 80 0
3578 -
3596 A
3620 -
3634 - 80 0
3658 -
3676 - 80 0
3700 -
3718 A
3742 -
3756 - 80 0
3780 -
3798 A
3822 -
3836 A
3860 -
3874 - 80 0
3898 -
3916 A
3940 -
3954 A
3988 -
4008 A 13 0
4296 A 12 0
4318 A 7 0
4320 A 4 0
4330 A 5 0
4340 A 3 0
4344 A 4 0
4354 A 3 0
4360 A+R 3 0
4366 A+R 2 0
4372 A 1 0
4386 A
4404 A 1 0
4414 A 2 0
4420 A 3 0
4424 A 4 0
4428 A 5 0
4434 A+R 5 0
4436 A+R 6 0
4446 A 5 0
4448 A 6 0
4454 A 5 0
4456 A 6 0
4458 A 5 0
4466 A 4 0
4472 A 3 0
4474 A 2 0
4478 A 1 0
4480 A
4484 A -1 0
4486 A -2 0
4488 A -3 0
4490 A -4 0
4492 A -5 0
4494 A -6 0
4496 A -8 0
4498 A -9 0
4500 A -10 0
4502 A -11 0
4504 A -13 0
4506 A -14 0
4508 A -16 0
4510 A -17 0
4512 A -18 0
4514 A -20 0
4516 A -21 0
4518 A -23 0
4520 A -24 0
4522 A+R -25 0
4524 A+R -26 0
4526 A+R -28 0
4528 A+R -29 0
4530 A+R -30 0
4532 A+R -32 0
4534 A -32 0
4536 A -33 0
4538 A -32 0
4542 A -31 0
4546 A -29 0
4550 - -24 0
4552 - -23 0
4554 - -21 0
4556 - -16 0
4558 - -15 0
4560 - -10 0
4562 - -8 0
4564 - -3 0
4566 - -2 0
4568 B 2 0
4570 B 3 0
4572 A 8 0
4574 B 9 0
4576 A 10 0
4578 B 15 0
4580 B 16 0
4582 B 20 0
4584 B 21 0
4586 B 22 0
4588 B 25 0
4590 B 26 0
4592 B 31 0
4594 - 27 0
4598 B 32 0
4602 B+Z 32 0
4604 B+Z 36 0
4610 Z 36 0
4612 B+Z 39 0
4614 B 38 0
4618 B 40 0
4622 A 39 0
4624 B 38 0
4628 - 37 0
4632 A 36 0
4634 A 37 0
4636 A 36 0
4640 A 34 0
4642 B 33 0
4644 A 32 0
4646 A 30 0
4648 A 29 0
4650 B 27 0
4652 A 25 0
4654 B 24 0
4656 B 23 0
4658 - 22 0
4660 - 21 0
4662 A 20 0
4664 A 16 0
4666 A 15 0
4670 A 10 0
4672 A 17 0
4674 A 16 0
4678 A 15 0
4680 A 20 0
4682 A 19 0
4686 A 22 0
4692 A 23 0
4694 - 23 0
4696 A 23 0
4698 - 23 0
4700 A 23 0
4702 - 23 0
4704 A 23 0
4706 - 32 0
4708 A 33 0
4710 - 34 0
4712 A 34 0
4714 - 35 0
4716 A 42 0
4718 A 43 0
4720 A 44 0
4722 A 45 0
4724 A 49 0
4728 A 50 0
4730 A 52 0
4732 A 60 0
4734 A 71 0
4736 A 80 0
4740 B 80 0
4746 A 80 0
4750 A 72 0
4752 A 69 0
4754 A 72 0
4756 A 75 0
4758 A 78 0
4760 A 79 0
4762 A 80 0
4770 A 76 0
4772 A 64 0
4774 A 61 0
4776 A 63 0
4778 A 62 0
4780 A 64 0
4782 A 67 0
4784 A 69 0
4786 A 67 0
4788 A 68 0
4790 A 70 0
4792 A 72 0
4794 A 67 0
4800 A 69 0
4802 A 63 0
4808 A 55 0
4810 A 56 0
4812 A 57 0
4814 A 50 0
4816 A 51 0
4818 A 43 0
4820 A 36 0
4822 A 35 0
4826 A 27 0
4830 A 20 0
4836 A 12 0
4840 A 5 0
4842 A 12 0
4846 A 5 0
4848 A 6 0
4850 A 7 0
4852 A
4856 A 1 0
4858 A -6 0
4860 A -5 0
4862 A -13 0
4864 A -12 0
4866 A -11 0
4868 A -18 0
4870 A -17 0
4872 A -16 0
4874 A -20 0
4876 A -15 0
4878 A -9 0
4880 A -10 0
4882 A -4 0
4884 A
4886 A 3 0
4888 A -1 0
4890 A
4892 A 1 0
4894 A -4 0
4896 A -2 0
4898 A 3 0
4900 A 2 0
4902 A 6 0
4904 A 10 0
4906 A 13 0
4908 A 11 0
4910 A 13 0
4912 A 16 0
4914 A 14 0
4916 A 16 0
4918 A 18 0
4920 A 21 0
4922 A 22 0
4924 A 24 0
4926 A 26 0
4928 A 27 0
4930 A 29 0
4932 A 31 0
4936 A 33 0
4938 A 35 0
4942 A 37 0
4944 A 38 0
4948 A 39 0
4950 A 41 0
4952 A 40 0
4954 A 41 0
4956 A 42 0
4958 A 46 0
4970 A 45 0
4972 A 44 0
4974 A 43 0
4976 A 41 0
4978 A 40 0
4980 A 39 0
4982 A 37 0
4984 A 36 0
4986 A 32 0
4988 A 31 0
4990 A 30 0
4994 A 28 0
4998 A 26 0
5000 A 25 0
5002 A+R 22 0
5004 A+R 21 0
5006 A+R 20 0
5008 A+R 19 0
5014 A 19 0
5016 A 20 0
5018 A 19 0
5020 A 21 0
5022 A 20 0
5024 A 22 0
5028 A 19 0
5034 A 15 0
5036 A 17 0
5038 A 21 0
5040 A 19 0
5042 A 22 0
5044 A 26 0
5046 A 24 0
5048 A 29 0
5050 A 27 0
5052 A 33 0
5054 A 40 0
5058 A 47 0
5062 A 55 0
5064 A 56 0
5066 A 65 0
5068 A 66 0
5070 A 75 0
5072 A 80 0
5076 B 80 0
5098 B+Z 80 0
5110 B 80 0
5130 B+Z 80 0
5134 A+Z 80 0
5138 B+Z 80 0
5140 A+Z 80 0
5142 A 80 0
5148 A 78 0
5150 A 63 0
5152 A 60 0
5154 A 57 0
5156 A 53 0
5158 A 50 0
5160 A 36 0
5162 A 33 0
5164 A 29 0
5166 A 26 0
5168 A 23 0
5170 A 10 0
5172 A 7 0
5174 A 3 0
5176 A
5178 A -9 0
5180 A -12 0
5182 - -14 0
5184 - -16 0
5186 A -19 0
5188 - -28 0
5190 - -30 0
5192 - -32 0
5194 - -34 0
5196 - -36 0
5198 - -47 0
5200 - -49 0
5202 - -51 0
5204 - -52 0
5206 - -59 0
5208 - -60 0
5210 - -61 0
5212 - -62 0
5216 - -68 0
5224 - -70 0
5228 - -69 0
5234 - -72 0
5238 - -71 0
5242 - -70 0
5246 - -69 0
5248 - -68 0
5250 - -67 0
5254 - -66 0
5256 - -65 0
5258 - -64 0
5260 - -63 0
5262 - -61 0
5264 - -60 0
5266 A -59 0
5268 - -58 0
5270 A -53 0
5272 - -52 0
5274 A -50 0
5276 - -49 0
5278 A -48 0
5280 - -46 0
5282 A -43 0
5284 A -41 0
5286 - -40 0
5288 A -38 0
5290 A -37 0
5292 - -36 0
5294 - -42 0
5296 - -50 0
5298 - -51 0
5300 - -58 0
5302 - -64 0
5304 - -71 0
5306 - -77 0
5308 - -79 0
5310 - -80 0
5314 B -80 0
5318 A -80 0
5320 B -80 0
5322 A -80 0
5334 B -80 0
5336 A -80 0
5338 B -80 0
5342 A -80 0
5346 B -80 0
5348 A -80 0
5352 B -80 0
5354 A -80 0
5358 B -80 0
5360 A -80 0
5364 B -80 0
5366 A -80 0
5380 B -80 0
5384 A -80 0
5386 B -80 0
5388 A -80 0
5392 B -80 0
5394 A -80 0
5398 B -80 0
5400 A -80 0
5412 B -80 0
5414 A -80 0
5416 B -80 0
5418 A -80 0
5422 B -80 0
5424 A -80 0
5436 A -77 0
5438 A -75 0
5440 A -77 0
5442 A -79 0
5444 A -80 0
5450 B -80 0
5452 A -80 0
5458 B -80 0
5468 A -80 0
5476 A -72 0
5478 A -67 0
5480 A -69 0
5482 A -71 0
5484 A -73 0
5486 A -75 0
5488 A -73 0
5490 A -75 0
5492 A -76 0
5494 A -78 0
5496 A -79 0
5498 A -80 0
5502 A -77 0
5504 A -78 0
5506 A -79 0
5508 A -76 0
5510 A -67 0
5512 A -57 0
5514 A -48 0
5518 A -49 0
5520 A -50 0
5522 A -52 0
5524 A -54 0
5526 A -51 0
5528 A -49 0
5530 A -50 0
5534 A -56 0
5536 A -44 0
5538 A -39 0
5540 A -32 0
5542 A -25 0
5544 A+R -26 0
5546 A+R -27 0
5548 A+R -26 0
5550 A+R -27 0
5552 A+R -28 0
5556 A -29 0
5558 A -27 0
5566 A -28 0
5568 A -26 0
5570 A -27 0
5572 A -28 0
5574 A -26 0
5578 A -29 0
5580 A -32 0
5582 A -33 0
5584 A -37 0
5586 A -42 0
5588 A -48 0
5590 A -53 0
5592 A -58 0
5594 A -63 0
5596 A -67 0
5598 A -71 0
5600 A -75 0
5602 A -79 0
5604 A -80 0
5614 A -77 0
5616 A -74 0
5618 A -70 0
5620 A -65 0
5622 A -60 0
5624 A -55 0
5626 A -50 0
5628 A -45 0
5630 A -41 0
5632 A -36 0
5634 A -31 0
5636 A -26 0
5638 A -22 0
5640 A -17 0
5642 A -13 0
5644 A -9 0
5646 A -5 0
5648 A
5650 A 3 0
5652 A 6 0
5654 A 11 0
5656 A 14 0
5658 A 19 0
5660 A 22 0
5662 A 25 0
5664 A 27 0
5666 A 31 0
5668 A 34 0
5670 A 36 0
5672 A 40 0
5674 A 42 0
5676 A 43 0
5678 A 47 0
5680 A 48 0
5682 A 49 0
5684 A 50 0
5686 A 51 0
5688 A 52 0
5692 A 53 0
5698 A 52 0
5704 A 51 0
5710 A 49 0
5712 A 48 0
5714 A 47 0
5716 A 44 0
5718 A 43 0
5720 A 41 0
5722 A 37 0
5724 A 36 0
5726 A 31 0
5728 A 30 0
5730 A 28 0
5732 A 23 0
5734 A 19 0
5736 A 17 0
5738 A 12 0
5740 A 10 0
5742 A 8 0
5744 A 3 0
5746 A 1 0
5748 A -3 0
5750 A -5 0
5752 A -6 0
5754 A -11 0
5756 A -10 0
5758 A -13 0
5760 A -12 0
5764 A -15 0
5766 A -14 0
5768 A -17 0
5772 A -16 0
5774 A -19 0
5776 A -18 0
5778 A -21 0
5780 A -20 0
5784 A -22 0
5786 A+R -21 0
5788 A+R -23 0
5790 A+R -22 0
5794 A+R -21 0
5798 A -20 0
5802 A -19 0
5804 A -18 0
5808 A -16 0
5810 A -15 0
5812 A -13 0
5814 A -12 0
5816 A -11 0
5818 A -9 0
5820 A -8 0
5822 A -5 0
5824 A -4 0
5826 A -2 0
5828 A -1 0
5830 A
5832 A 1 0
5834 A 3 0
5836 A 4 0
5838 A 6 0
5840 A 7 0
5842 A 9 0
5844 A 10 0
5848 A 12 0
5850 A 13 0
5852 A 15 0
5856 A 17 0
5858 A 18 0
5860 A 19 0
5864 A 21 0
5866 A 22 0
5870 - 22 0
5874 - 23 0
5878 - 24 0
5886 - 25 0
5892 - 24 0
5894 - 23 0
5896 - 22 0
5898 - 21 0
5900 - 20 0
5902 - 19 0
5904 - 17 0
5906 - 16 0
5908 - 14 0
5910 - 15 0
5912 - 12 0
5916 - 11 0
5918 - 10 0
5922 - 9 0
5924 A 9 0
5926 - 7 0
5928 A 7 0
5932 B 5 0
5934 B 6 0
5936 A 4 0
5940 B 3 0
5942 A 3 0
5946 A 1 0
5950 A 2 0
5952 A
5956 B -2 0
5958 A -2 0
5960 A -4 0
5966 B -7 0
5970 B -6 0
5974 B -5 0
5982 - -4 0
5984 - -3 0
5986 - -4 0
5990 - -3 0
5992 Z -4 0
5996 Z -3 0
6000 Z
6004 - 1 0
6006 - 2 0
6008 - 4 0
6010 - 5 0
6012 - 6 0
6014 - 8 0
6016 - 9 0
6018 - 11 0
6020 - 13 0
6022 - 14 0
6024 - 15 0
6026 - 17 0
6028 - 23 0
6030 - 24 0
6032 - 26 0
6034 - 30 0
6036 - 32 0
6038 - 33 0
6040 - 36 0
6042 - 37 0
6044 - 38 0
6046 - 40 0
6048 B 47 0
6050 B 48 0
6052 B 50 0
6054 B 54 0
6056 B 52 0
6058 - 53 0
6060 - 55 0
6062 - 57 0
6064 - 58 0
6066 - 59 0
6068 A 60 0
6070 - 61 0
6072 - 60 0
6074 A 60 0
6076 - 61 0
6078 A 69 0
6080 - 67 0
6082 - 70 0
6084 - 73 0
6086 - 76 0
6088 - 75 0
6090 - 78 0
6092 - 77 0
6094 - 73 0
6096 - 69 0
6098 - 66 0
6100 - 64 0
6102 - 59 0
6104 - 62 0
6106 - 64 0
6108 - 67 0
6110 - 66 0
6112 - 69 0
6114 - 71 0
6116 - 73 0
6118 - 75 0
6120 - 72 0
6122 - 74 0
6124 - 76 0
6126 - 78 0
6130 Z 70 0
6132 Z 67 0
6134 Z 65 0
6136 Z 62 0
6138 Z 58 0
6140 Z 60 0
6142 - 62 0
6144 - 64 0
6146 - 66 0
6148 - 63 0
6150 - 65 0
6152 A 63 0
6154 - 62 0
6156 A 60 0
6158 - 58 0
6160 - 55 0
6162 - 49 0
6164 - 51 0
6166 - 52 0
6168 - 54 0
6170 - 55 0
6172 - 57 0
6174 - 58 0
6176 - 61 0
6178 - 62 0
6180 - 63 0
6182 - 64 0
6184 A 66 0
6186 - 66 0
6188 - 67 0
6190 - 68 0
6192 A 69 0
6194 - 70 0
6196 - 79 0
6200 - 80 0
6202 A 80 0
6204 - 80 0
6206 A 80 0
6208 - 80 0
6216 B 80 0
6220 A 80 0
6222 B 80 0
6224 A 80 0
6228 B 80 0
6230 A 80 0
6240 B 80 0
6242 A 80 0
6244 B 80 0
6246 A 80 0
6250 B 80 0
6252 A 80 0
6256 B 80 0
6258 A 80 0
6270 A 79 0
6272 A 75 0
6274 A 77 0
6276 A 80 0
6286 B 80 0
6292 A 80 0
6296 A 75 0
6298 A 68 0
6300 A 61 0
6302 A 55 0
6304 A 48 0
6306 A 50 0
6308 A 52 0
6312 A 53 0
6314 A 55 0
6316 A 56 0
6318 A 57 0
6320 A 58 0
6322 A 54 0
6324 A 50 0
6326 A 46 0
6328 A 43 0
6330 A 41 0
6332 A 43 0
6336 A 44 0
6338 A 46 0
6340 A 47 0
6342 A 48 0
6344 A 50 0
6346 A 48 0
6348 A 49 0
6350 A 47 0
6352 A 44 0
6354 A 41 0
6356 A 40 0
6358 A 38 0
6360 A 37 0
6362 A 39 0
6364 A 40 0
6366 A 41 0
6368 A 42 0
6370 A 34 0
6372 A 26 0
6374 A 18 0
6376 A 11 0
6378 A 9 0
6380 A+R 11 0
6386 A+R 9 0
6388 A+R 10 0
6392 A 10 0
6396 A 7 0
6400 A 8 0
6402 A 9 0
6404 A 8 0
6408 -
