# Arcade, one player: Mountain in Rain weather, car 3 (Automatic transmission), driven on the computer driver's racing line.
#
# Written by n64/tools/n64drive.py (plan 'arc_mountain_rain_car3'); the driver saw:
#   TOP GEAR RALLY: row 2
#   TRACK SELECT: row 2
#   P1 car 1
#   cheats: cars car9 car10 car11 car12 car15 tracks mirrors
#   TOP GEAR RALLY: row 1
#   1P/2P SELECT: row 0
#   TRACK SELECT: row 1
#   WEATHER SELECT: row 2
#   P1 car 3 handling=Type 1 transmission=Automatic tires=Grippy suspension=Normal
#   race 2400 frames; P1 drove 0.17 laps
frames 5245
0 -
80 A
88 -
294 START
302 -
456 - 80 0
464 -
488 - 80 0
496 -
532 A
540 -
590 A
598 -
696 START
720 -
734 A
758 -
772 A
796 -
810 A
834 -
848 A
872 -
886 A
916 -
964 A
972 -
980 DL
988 -
996 DL
1004 -
1012 CD
1020 -
1028 A
1036 -
1044 DR
1052 -
1060 Z
1068 -
1084 DU
1092 -
1100 DU
1108 -
1116 Z
1124 -
1132 B
1140 -
1148 A
1156 -
1164 DL
1172 -
1180 DL
1188 -
1204 DD
1212 -
1220 A
1228 -
1236 DR
1244 -
1252 Z
1260 -
1268 DR
1276 -
1284 DU
1292 -
1300 CD
1308 -
1324 CD
1332 -
1340 DU
1348 -
1356 B
1364 -
1372 DR
1380 -
1388 A
1396 -
1404 CD
1412 -
1420 A
1428 -
1436 DR
1444 -
1460 B
1468 -
1476 B
1484 -
1492 A
1500 -
1508 DL
1516 -
1524 DL
1532 -
1540 CD
1548 -
1556 A
1564 -
1572 DR
1580 -
1596 DR
1604 -
1612 DU
1620 -
1628 DL
1636 -
1644 CD
1652 -
1660 CD
1668 -
1676 A
1684 -
1692 DR
1700 -
1708 Z
1716 -
1732 A
1740 -
1748 DL
1756 -
1764 DL
1772 -
1780 DR
1788 -
1796 DD
1804 -
1812 Z
1820 -
1836 DR
1844 -
1852 DU
1860 -
1868 DL
1876 -
1884 CD
1892 -
1900 DR
1908 -
1916 DD
1924 -
1932 Z
1940 -
1948 START
1956 -
2016 DU
2024 -
2064 START
2072 -
2108 - -80 0
2116 -
2152 A
2160 -
2210 A
2218 -
2256 - -80 0
2264 -
2300 A
2308 -
2346 - 80 0
2354 -
2378 - 80 0
2386 -
2422 A
2430 -
2528 - 80 0
2552 -
2566 - 80 0
2590 -
2604 A
2628 -
2642 A
2666 -
2680 A
2704 -
2718 A
2742 -
2756 A
2780 -
2794 A
2824 -
2844 A -13 0
3120 A -14 0
3152 A -6 0
3156 A -7 0
3164 A -8 0
3170 A -9 0
3172 A -7 0
3180 A -8 0
3186 A -6 0
3194 A -7 0
3198 A -5 0
3200 A -4 0
3208 A -3 0
3216 A -4 0
3218 A -3 0
3226 A -2 0
3234 A -3 0
3238 A -4 0
3244 A -5 0
3250 A -6 0
3258 A -7 0
3270 A -8 0
3272 A -7 0
3274 A -8 0
3280 A -9 0
3286 A -10 0
3294 A -11 0
3296 A -10 0
3298 A -11 0
3308 A -10 0
3310 A -11 0
3314 A -10 0
3316 A -11 0
3318 A -10 0
3328 A -9 0
3330 A -10 0
3334 A -9 0
3342 A -8 0
3346 A -9 0
3348 A -8 0
3352 A -7 0
3354 A -8 0
3356 A -7 0
3360 A -6 0
3362 A -7 0
3366 A -6 0
3370 A -5 0
3374 - -7 0
3378 - -8 0
3382 - -9 0
3386 - -10 0
3392 - -11 0
3394 B -11 0
3398 B -12 0
3400 B -11 0
3402 A -12 0
3404 B -11 0
3420 - -11 0
3426 - -13 0
3430 - -14 0
3432 - -15 0
3436 - -16 0
3440 - -17 0
3446 - -18 0
3448 - -19 0
3450 - -18 0
3452 - -19 0
3454 - -20 0
3456 B -19 0
3458 B -20 0
3462 - -19 0
3464 - -20 0
3466 - -21 0
3468 - -22 0
3470 - -20 0
3474 - -21 0
3476 - -19 0
3478 - -20 0
3480 - -21 0
3482 - -18 0
3484 - -19 0
3486 A -20 0
3488 - -28 0
3490 - -29 0
3492 - -30 0
3494 A -31 0
3496 - -37 0
3498 - -38 0
3500 A -39 0
3502 - -43 0
3504 - -44 0
3506 - -46 0
3508 A -48 0
3510 - -48 0
3512 - -49 0
3514 A -50 0
3516 - -50 0
3520 - -51 0
3522 A -60 0
3524 - -61 0
3526 A -61 0
3528 - -61 0
3530 - -62 0
3532 A -68 0
3534 - -68 0
3536 A -68 0
3538 - -67 0
3540 A -69 0
3542 A -68 0
3544 A -66 0
3546 A -65 0
3548 A -62 0
3550 A -59 0
3552 A -60 0
3554 A -62 0
3556 A -67 0
3558 A -70 0
3560 A -75 0
3562 A -77 0
3564 A -79 0
3566 A -74 0
3568 A -78 0
3570 A -80 0
3582 A -76 0
3584 A -59 0
3586 A -61 0
3588 A -63 0
3590 A -61 0
3592 A -59 0
3594 A -60 0
3596 A -56 0
3604 A -51 0
3606 A -49 0
3608 A -46 0
3610 A -39 0
3614 A -38 0
3616 A -31 0
3618 A -29 0
3620 A -22 0
3622 A -20 0
3624 A -18 0
3626 A -10 0
3628 A -8 0
3630 A
3634 A -1 0
3636 A 3 0
3640 A 9 0
3646 A 16 0
3650 A 23 0
3652 A 22 0
3656 A 26 0
3660 A 33 0
3662 A 28 0
3664 A 24 0
3666 A 23 0
3668 A 16 0
3670 A 9 0
3672 A 6 0
3674 A
3676 A -2 0
3678 A -8 0
3680 A -14 0
3682 A -16 0
3684 A -20 0
3686 A -22 0
3688 A -26 0
3690 A -28 0
3692 A -31 0
3694 A -34 0
3696 A -35 0
3698 A -37 0
3700 A -38 0
3702 A -39 0
3704 B -42 0
3706 B -43 0
3708 B -44 0
3710 B -46 0
3712 B -47 0
3716 B -49 0
3718 - -49 0
3722 - -48 0
3724 A -48 0
3728 A -47 0
3732 A -45 0
3734 A -44 0
3736 A -46 0
3738 A -45 0
3740 A -43 0
3744 A -42 0
3746 A -40 0
3750 A -38 0
3752 A -37 0
3754 A -35 0
3756 A -33 0
3758 A -32 0
3760 A -29 0
3762 A -28 0
3764 A -25 0
3766 A -24 0
3768 A -23 0
3770 A -19 0
3772 A -18 0
3774 A -17 0
3776 A -16 0
3778 A -15 0
3780 A -14 0
3786 A -11 0
3788 A -10 0
3790 A -9 0
3796 A -10 0
3798 A -9 0
3800 A -10 0
3804 - -7 0
3808 - -8 0
3810 A -4 0
3812 A -3 0
3814 A -2 0
3816 A 2 0
3818 - 1 0
3820 A 5 0
3824 - 4 0
3826 A 9 0
3828 A 10 0
3830 - 11 0
3832 B 17 0
3836 A 22 0
3840 B 26 0
3844 B 30 0
3846 B 31 0
3850 B 34 0
3852 B 33 0
3856 - 33 0
3860 - 35 0
3866 - 39 0
3872 - 43 0
3876 - 42 0
3878 - 44 0
3880 - 43 0
3886 - 42 0
3892 - 40 0
3896 - 39 0
3898 - 37 0
3900 - 36 0
3904 - 35 0
3908 - 34 0
3912 - 32 0
3914 A 31 0
3916 - 31 0
3918 - 29 0
3920 A 29 0
3924 - 28 0
3926 - 26 0
3928 - 25 0
3934 - 22 0
3938 A 22 0
3940 - 18 0
3942 A 18 0
3946 - 18 0
3948 A 18 0
3950 - 13 0
3952 A 13 0
3954 - 14 0
3956 A 14 0
3958 B 11 0
3960 B 14 0
3962 B 17 0
3964 B 21 0
3966 B 24 0
3968 - 27 0
3970 - 31 0
3972 - 34 0
3974 - 37 0
3976 - 30 0
3978 - 32 0
3980 - 35 0
3982 - 37 0
3984 - 33 0
3986 - 35 0
3988 - 37 0
3990 - 38 0
3992 - 34 0
3994 - 35 0
3996 - 36 0
3998 - 37 0
4000 - 36 0
4004 - 37 0
4006 - 38 0
4008 - 39 0
4010 - 36 0
4014 - 37 0
4020 - 36 0
4024 - 37 0
4032 - 34 0
4042 - 35 0
4044 - 34 0
4054 - 35 0
4056 - 32 0
4066 - 33 0
4074 A 33 0
4076 - 33 0
4078 - 41 0
4080 - 40 0
4082 A 40 0
4084 - 40 0
4090 A 46 0
4092 - 46 0
4096 A 46 0
4098 - 45 0
4102 - 49 0
4104 A 49 0
4106 - 49 0
4108 - 48 0
4110 A 55 0
4112 - 55 0
4114 - 54 0
4116 A 54 0
4118 A 53 0
4120 - 53 0
4122 A 52 0
4124 - 52 0
4126 A 55 0
4128 - 54 0
4132 A 53 0
4134 A 52 0
4138 A 51 0
4140 A 50 0
4144 A 49 0
4148 A 51 0
4150 A 50 0
4154 A 49 0
4156 A 48 0
4162 A 45 0
4164 A 44 0
4166 A 43 0
4170 A 42 0
4172 A 41 0
4174 A 40 0
4178 A 39 0
4182 A 34 0
4184 A 33 0
4186 A 32 0
4190 A 29 0
4192 A 28 0
4194 A 24 0
4196 A 23 0
4198 A 22 0
4200 A 20 0
4202 A 19 0
4204 A 17 0
4206 A 16 0
4208 A 13 0
4210 A 12 0
4212 A 11 0
4214 A 10 0
4216 A 9 0
4218 A 8 0
4220 A 7 0
4222 A 6 0
4226 A 5 0
4228 A 4 0
4230 A 3 0
4240 A 1 0
4248 A 2 0
4254 A 3 0
4262 A 4 0
4266 A 5 0
4268 A 4 0
4272 A 5 0
4274 A 6 0
4276 A 3 0
4280 A 2 0
4282 A
4284 A -1 0
4286 A -2 0
4288 A -4 0
4292 A -3 0
4294 A -2 0
4302 A -1 0
4304 A
4314 A 2 0
4316 A 3 0
4320 A 6 0
4324 A 7 0
4326 A 8 0
4328 A 9 0
4332 A 10 0
4334 A 11 0
4338 A 12 0
4340 A 13 0
4344 A 14 0
4350 A 15 0
4356 A 16 0
4358 A 18 0
4360 A 19 0
4362 A 20 0
4364 A 21 0
4368 A 22 0
4370 A 23 0
4374 A 24 0
4378 A 25 0
4380 A 24 0
4384 A 23 0
4388 A 18 0
4390 A 12 0
4392 A 14 0
4398 A 13 0
4402 A 12 0
4406 A 10 0
4408 A 11 0
4410 A 9 0
4412 A 10 0
4414 A 8 0
4416 A 9 0
4418 A 7 0
4420 A 8 0
4422 A 6 0
4424 A 7 0
4426 A 5 0
4430 A 4 0
4434 A 3 0
4436 A 4 0
4438 A 3 0
4442 A 1 0
4444 A 2 0
4446 A
4450 A -2 0
4454 A -4 0
4458 A -6 0
4460 A -9 0
4462 A -10 0
4464 A -11 0
4468 A -13 0
4472 A -14 0
4476 A -15 0
4478 A -16 0
4482 A -17 0
4488 A -18 0
4494 A -19 0
4496 A -18 0
4498 A -19 0
4500 A -18 0
4502 A -17 0
4504 A -18 0
4506 B -16 0
4508 A -17 0
4510 A -15 0
4512 B -14 0
4516 B -13 0
4520 A -12 0
4522 B -10 0
4524 A -10 0
4526 A -8 0
4528 B -8 0
4534 B -6 0
4536 B -4 0
4540 - -2 0
4546 - -1 0
4550 -
4558 B 1 0
4560 - 1 0
4562 - 2 0
4564 - 3 0
4568 B 4 0
4570 - 3 0
4572 B 4 0
4576 B 6 0
4578 A 6 0
4582 B 8 0
4584 A 8 0
4586 B 9 0
4592 B 10 0
4594 B 11 0
4598 B 12 0
4600 - 12 0
4608 - 10 0
4612 - 8 0
4618 - 6 0
4626 - 4 0
4632 - -1 0
4640 - -7 0
4646 - -11 0
4648 - -12 0
4652 - -13 0
4654 - -16 0
4656 - -17 0
4658 - -18 0
4660 B -27 0
4662 - -28 0
4664 - -29 0
4666 - -36 0
4668 - -38 0
4670 - -39 0
4672 B -45 0
4674 B -46 0
4676 B -48 0
4678 B -58 0
4680 A -60 0
4682 B -62 0
4684 B -55 0
4686 - -65 0
4688 - -67 0
4690 - -69 0
4692 - -71 0
4694 - -78 0
4696 - -80 0
4726 - -78 0
4728 - -71 0
4730 - -66 0
4732 - -65 0
4734 - -60 0
4736 - -61 0
4738 - -62 0
4740 - -63 0
4742 - -65 0
4744 - -62 0
4746 - -63 0
4748 - -65 0
4750 - -66 0
4752 - -67 0
4754 - -63 0
4756 - -64 0
4758 - -65 0
4760 - -66 0
4762 - -67 0
4764 - -63 0
4766 - -64 0
4768 - -65 0
4770 - -66 0
4772 - -67 0
4774 - -62 0
4776 - -63 0
4778 - -64 0
4780 A -64 0
4782 - -61 0
4790 - -60 0
4792 A -60 0
4794 - -59 0
4796 - -58 0
4798 - -51 0
4800 A -49 0
4802 - -48 0
4804 - -46 0
4806 - -47 0
4808 - -49 0
4810 - -52 0
4812 - -53 0
4814 - -55 0
4816 - -56 0
4818 - -58 0
4820 - -59 0
4824 - -61 0
4826 A -62 0
4828 - -63 0
4830 - -66 0
4832 - -77 0
4834 - -79 0
4836 - -80 0
4840 A -80 0
4842 - -80 0
4844 A -80 0
4846 - -80 0
4858 B -80 0
4862 A -80 0
4866 B -80 0
4868 A -80 0
4876 B -80 0
4884 A -80 0
4888 B -80 0
4890 A -80 0
4894 B -80 0
4896 A -80 0
4904 A -74 0
4906 A -75 0
4912 A -74 0
4914 A -73 0
4916 A -72 0
4918 A -70 0
4920 A -68 0
4922 A -67 0
4924 A -63 0
4926 A -60 0
4928 A -56 0
4930 A -52 0
4934 A -54 0
4938 A -53 0
4940 A -54 0
4942 A -56 0
4944 A -57 0
4946 A -59 0
4948 A -56 0
4950 A -52 0
4952 A -48 0
4954 A -44 0
4956 A -46 0
4958 A -47 0
4960 A -48 0
4962 A -49 0
4964 A -50 0
4966 A -49 0
4968 A -50 0
4970 A -44 0
4972 A -39 0
4974 A -36 0
4976 A -37 0
4978 A -39 0
4980 A -40 0
4982 A -41 0
4984 A -42 0
4986 A -40 0
4988 A -29 0
4990 A -19 0
4992 A -13 0
4994 A -12 0
4996 A -14 0
4998 A -15 0
5000 A -16 0
5002 A -13 0
5004 A -14 0
5008 A -12 0
5012 A -13 0
5016 A -12 0
5020 A -13 0
5022 A -11 0
5028 A -10 0
5030 A -8 0
5034 A -9 0
5036 A -7 0
5040 A -8 0
5042 A -6 0
5044 A -7 0
5048 A -6 0
5052 A -7 0
5054 A -6 0
5056 A -5 0
5060 A -4 0
5062 A -5 0
5064 A -2 0
5066 A -3 0
5070 A -1 0
5074 A
5080 A 2 0
5084 A 3 0
5088 A 5 0
5092 A 6 0
5096 A 7 0
5098 A 8 0
5102 A 9 0
5108 A 10 0
5138 A 9 0
5140 A 10 0
5142 A 9 0
5150 A 8 0
5158 A 7 0
5162 A 6 0
5164 A 7 0
5166 A 6 0
5168 A 3 0
5172 A
5176 A -2 0
5180 A -5 0
5182 A -7 0
5184 A -9 0
5188 A -11 0
5190 A -12 0
5194 A -13 0
5198 A -14 0
5200 A -15 0
5202 A -16 0
5206 A -17 0
5210 A -18 0
5214 A -17 0
5216 A -18 0
5218 A -17 0
5220 A -18 0
5222 A -17 0
5224 B -16 0
5226 A -8 0
5228 B -9 0
5230 B -12 0
5232 B -11 0
5234 B -9 0
5236 B -10 0
5238 B -9 0
5242 B -5 0
5244 -
