# Championship, a fresh season: the first round (its own track and weather), car 1 kept as set, driven on the racing line.
#
# Written by n64/tools/n64drive.py (plan 'champ_round1'); the driver saw:
#   TOP GEAR RALLY: row 0
#   First Season: row 2
#   P1 car 1
#   race 2400 frames; P1 drove 0.24 laps
frames 3383
0 -
80 A
88 -
294 START
302 -
468 A
476 -
526 A
534 -
636 A
644 -
742 START
766 -
780 A
804 -
818 A
842 -
856 A
880 -
894 A
918 -
932 A
962 -
982 A
1350 A -1 0
1364 A -2 0
1366 A -3 0
1378 A -4 0
1382 A -5 0
1390 A -6 0
1396 A -7 0
1410 A -8 0
1416 A -7 0
1418 A -8 0
1426 A -7 0
1430 A -8 0
1436 A -7 0
1442 A -8 0
1446 A -7 0
1462 A -6 0
1466 A -7 0
1472 A -6 0
1478 A -7 0
1480 A -6 0
1486 A -5 0
1488 A -4 0
1490 A -5 0
1494 A -4 0
1496 A -5 0
1502 A -4 0
1504 A -5 0
1508 A -4 0
1510 A -5 0
1514 A -4 0
1518 A -5 0
1520 A -4 0
1524 A -5 0
1528 A -4 0
1530 A -5 0
1534 A -4 0
1536 A -5 0
1540 A -4 0
1544 A -5 0
1546 A -4 0
1550 A -5 0
1552 A -4 0
1556 A -5 0
1558 A -4 0
1596 A -3 0
1610 A -4 0
1612 A -3 0
1664 A -2 0
1666 A -3 0
1674 A -2 0
1676 A -3 0
1678 A -2 0
1682 A -3 0
1684 A -2 0
1686 A -3 0
1688 A -2 0
1692 A -3 0
1694 A -4 0
1696 A -5 0
1698 A -6 0
1700 A -7 0
1702 A -8 0
1708 A -10 0
1712 A -11 0
1716 A -12 0
1720 A -13 0
1724 A -14 0
1732 A -15 0
1744 A -16 0
1746 A -19 0
1750 - -22 0
1752 - -23 0
1754 - -25 0
1756 - -26 0
1758 - -28 0
1760 - -29 0
1762 - -31 0
1764 - -32 0
1766 - -34 0
1768 - -35 0
1770 - -37 0
1772 - -38 0
1774 A -40 0
1776 A -41 0
1778 A -43 0
1780 A -42 0
1782 A -44 0
1784 A -43 0
1786 A -44 0
1788 A -43 0
1790 A -41 0
1798 A -40 0
1802 A -38 0
1804 A -37 0
1806 A -34 0
1808 A -28 0
1810 A -32 0
1812 A -33 0
1814 A -34 0
1816 A -32 0
1818 A -33 0
1820 A -31 0
1822 A -32 0
1824 A -30 0
1828 A -28 0
1832 A -30 0
1836 A -32 0
1840 A -33 0
1844 A -34 0
1850 A -31 0
1852 A -33 0
1854 A -32 0
1856 A -34 0
1858 A -33 0
1860 A -35 0
1862 A -33 0
1864 A -35 0
1866 A -32 0
1868 A -30 0
1870 A -29 0
1872 A -31 0
1874 A -30 0
1876 A -31 0
1878 A -30 0
1880 A -32 0
1882 A -30 0
1884 A -32 0
1886 A -30 0
1888 A -27 0
1890 A -29 0
1892 A -28 0
1894 A -30 0
1896 A -28 0
1898 A -30 0
1900 A -28 0
1902 A -29 0
1904 A -27 0
1906 A -29 0
1908 A -26 0
1910 A -24 0
1912 A -25 0
1914 A -22 0
1916 A -23 0
1918 A -20 0
1922 A -17 0
1924 A -11 0
1926 A -10 0
1928 A -7 0
1932 A -5 0
1934 A -4 0
1936 A -3 0
1938 A -2 0
1940 A -1 0
1942 A
1946 A 2 0
1950 A 3 0
1952 A 4 0
1954 A 5 0
1958 A 7 0
1962 A 8 0
1964 A 9 0
1966 A 10 0
1968 A 9 0
1970 A 10 0
1972 A 9 0
1974 A 10 0
1976 A 9 0
1978 A 10 0
1998 A 11 0
2002 A 12 0
2024 A 11 0
2028 A 10 0
2032 A 9 0
2036 A 8 0
2040 A 7 0
2044 A 6 0
2046 A 5 0
2050 A 4 0
2054 A 3 0
2058 A 2 0
2062 A 1 0
2066 A
2074 A -2 0
2078 A -3 0
2082 A -5 0
2086 A -6 0
2088 A -8 0
2090 A -9 0
2092 A -10 0
2096 A -11 0
2100 A -12 0
2102 A -13 0
2112 A -12 0
2120 A -11 0
2124 A -10 0
2126 B -10 0
2128 B -9 0
2134 B -8 0
2138 B -7 0
2142 - -5 0
2144 - -6 0
2146 - -4 0
2150 - -5 0
2152 - -3 0
2156 - -1 0
2160 -
2164 - 3 0
2168 - 5 0
2172 B 7 0
2174 B 8 0
2176 B 12 0
2178 B 8 0
2180 B 13 0
2184 B 14 0
2186 B 18 0
2188 B 19 0
2190 B 22 0
2192 B 23 0
2194 B 24 0
2196 B 27 0
2200 B 28 0
2202 - 27 0
2206 - 28 0
2210 - 29 0
2212 - 32 0
2214 - 33 0
2218 - 35 0
2220 - 36 0
2222 - 37 0
2226 - 38 0
2228 - 39 0
2230 - 38 0
2234 - 39 0
2236 - 37 0
2240 - 38 0
2246 - 39 0
2250 - 42 0
2252 - 45 0
2256 - 48 0
2258 - 47 0
2260 - 42 0
2262 - 40 0
2266 - 38 0
2270 - 40 0
2272 - 41 0
2274 - 42 0
2276 - 43 0
2278 - 44 0
2282 - 45 0
2284 - 47 0
2286 - 48 0
2288 - 50 0
2290 A 48 0
2292 A 42 0
2294 A 38 0
2296 - 39 0
2298 - 40 0
2300 - 44 0
2302 - 45 0
2304 - 47 0
2306 - 50 0
2308 A 51 0
2310 - 52 0
2312 A 54 0
2314 - 54 0
2316 - 56 0
2318 - 58 0
2320 A 61 0
2322 A 58 0
2324 A 54 0
2326 A 50 0
2328 A 52 0
2330 A 53 0
2332 A 54 0
2334 A 55 0
2336 A 57 0
2338 A 58 0
2344 A 57 0
2346 A 60 0
2348 A 62 0
2350 A 64 0
2354 A 65 0
2356 A 62 0
2358 A 57 0
2360 A 49 0
2364 A 52 0
2366 A 50 0
2368 A 52 0
2370 A 54 0
2372 A 56 0
2374 A 54 0
2376 A 50 0
2378 A 46 0
2380 A 47 0
2382 A 49 0
2384 A 52 0
2386 A 54 0
2388 A 50 0
2390 A 46 0
2392 A 43 0
2394 A 41 0
2396 A 44 0
2398 A 46 0
2400 A 48 0
2402 A 47 0
2404 A 48 0
2408 A 42 0
2412 A 45 0
2414 A 43 0
2416 A 41 0
2418 A 42 0
2420 A 44 0
2422 A 43 0
2424 A 41 0
2426 A 34 0
2428 A 36 0
2430 A 35 0
2432 A 37 0
2434 A 39 0
2436 A 38 0
2438 A 39 0
2440 A 37 0
2444 A 38 0
2446 A 35 0
2448 A 37 0
2450 A 35 0
2452 A 36 0
2456 A 31 0
2458 A 29 0
2460 A 31 0
2462 A 30 0
2464 A 31 0
2466 A 30 0
2468 A 31 0
2470 A 32 0
2472 A 30 0
2474 A 31 0
2476 A 32 0
2478 A 30 0
2480 A 31 0
2482 A 28 0
2484 A 29 0
2486 A 26 0
2488 A 27 0
2492 A 25 0
2494 A 26 0
2498 A 24 0
2502 A 21 0
2506 A 18 0
2512 A 14 0
2516 A 11 0
2518 A 10 0
2522 A 8 0
2526 A 6 0
2532 A 3 0
2534 A 4 0
2536 A 1 0
2540 A
2546 A -2 0
2550 A -5 0
2554 A -6 0
2560 A -7 0
2564 A -8 0
2568 A -9 0
2574 A -10 0
2578 A -11 0
2584 A -10 0
2586 A -8 0
2588 A -9 0
2590 A -7 0
2594 A -6 0
2598 A -5 0
2602 A -4 0
2604 A -5 0
2606 A
2610 A 4 0
2614 A 8 0
2618 - 12 0
2624 - 15 0
2628 - 17 0
2632 - 19 0
2634 - 20 0
2636 - 21 0
2638 - 22 0
2642 - 24 0
2644 - 25 0
2646 - 26 0
2648 - 27 0
2650 - 28 0
2652 B 29 0
2654 B 30 0
2656 B 31 0
2658 A 31 0
2660 A 32 0
2662 B 32 0
2664 B 33 0
2666 B 34 0
2668 B 32 0
2670 A 35 0
2672 - 17 0
2674 - -8 0
2676 - -28 0
2678 B -28 0
2680 B -30 0
2684 - -30 0
2686 - -32 0
2694 - -33 0
2698 - -32 0
2702 - -33 0
2704 - -46 0
2706 - -47 0
2708 - -48 0
2710 B -57 0
2712 - -58 0
2714 - -59 0
2716 - -60 0
2718 - -66 0
2724 A -68 0
2726 A -67 0
2728 A -66 0
2730 A -64 0
2732 A -61 0
2734 A -58 0
2736 A -55 0
2738 A -50 0
2740 A -45 0
2742 A -30 0
2744 A -37 0
2746 A -38 0
2748 A -40 0
2750 A -37 0
2752 A -38 0
2758 A -37 0
2766 A -35 0
2770 A -36 0
2772 A -37 0
2776 A -38 0
2778 A -39 0
2780 - -38 0
2782 A -39 0
2784 - -41 0
2786 - -42 0
2788 A -45 0
2790 - -47 0
2792 A -48 0
2794 A -47 0
2796 - -47 0
2798 - -49 0
2800 - -51 0
2802 A -54 0
2804 A -52 0
2806 A -50 0
2808 A -48 0
2810 A -49 0
2812 - -48 0
2814 - -49 0
2816 - -51 0
2818 - -48 0
2820 A -48 0
2822 - -49 0
2824 - -51 0
2826 - -54 0
2828 A -56 0
2832 A -55 0
2834 - -56 0
2836 - -58 0
2838 A -59 0
2840 A -57 0
2842 A -54 0
2844 A -53 0
2846 A -55 0
2850 A -57 0
2852 A -55 0
2854 - -50 0
2856 A -48 0
2858 - -50 0
2860 - -52 0
2862 - -49 0
2864 - -51 0
2866 - -50 0
2868 - -49 0
2870 - -50 0
2872 - -52 0
2874 - -55 0
2876 - -56 0
2878 A -56 0
2880 A -55 0
2882 A -54 0
2884 A -52 0
2886 A -54 0
2888 A -56 0
2890 A -55 0
2894 A -54 0
2896 A -48 0
2900 A -50 0
2902 A -48 0
2904 A -50 0
2906 A -49 0
2908 A -48 0
2910 A -47 0
2912 A -49 0
2914 A -51 0
2916 A -52 0
2920 A -51 0
2922 A -48 0
2924 A -50 0
2926 A -52 0
2928 A -51 0
2930 A -53 0
2934 A -50 0
2936 A -51 0
2938 A -53 0
2940 A -50 0
2942 A -52 0
2944 A -50 0
2946 A -49 0
2948 A -52 0
2950 A -55 0
2952 A -58 0
2954 A -57 0
2956 A -54 0
2960 A -52 0
2962 A -54 0
2964 A -56 0
2966 A -55 0
2968 A -58 0
2970 A -56 0
2972 A -46 0
2974 A -49 0
2976 A -48 0
2978 A -50 0
2980 A -48 0
2982 A -44 0
2984 A -38 0
2986 A -39 0
2988 A -41 0
2992 A -42 0
2994 A -43 0
2996 A -41 0
2998 A -38 0
3000 A -37 0
3002 A -36 0
3004 A -38 0
3006 A -40 0
3008 A -38 0
3010 A -39 0
3012 A -35 0
3014 A -33 0
3016 A -35 0
3018 A -33 0
3020 A -34 0
3022 A -35 0
3024 A -32 0
3026 A -34 0
3028 A -35 0
3030 A -32 0
3032 A -33 0
3034 A -31 0
3036 A -32 0
3038 A -30 0
3040 A -31 0
3042 A -32 0
3044 A -29 0
3046 A -30 0
3048 A -27 0
3052 A -24 0
3058 A -20 0
3060 A -19 0
3062 A -15 0
3068 A -14 0
3072 A -13 0
3076 A -11 0
3080 A -9 0
3084 A -10 0
3086 A -7 0
3088 A -8 0
3090 A -5 0
3092 A -6 0
3094 A -3 0
3096 A -4 0
3100 A -2 0
3104 A
3108 A -1 0
3112 A -2 0
3114 A -3 0
3118 A -4 0
3122 A -5 0
3126 A -6 0
3132 A -7 0
3136 A -8 0
3142 A -9 0
3144 A -8 0
3146 A -9 0
3164 A -10 0
3166 A -9 0
3170 - -9 0
3174 - -8 0
3178 - -7 0
3180 - -8 0
3186 - -9 0
3188 - -3 0
3192 - 1 0
3196 - 6 0
3200 A 7 0
3202 - 11 0
3204 A 12 0
3206 A 16 0
3208 - 17 0
3210 A 18 0
3212 A 22 0
3214 - 24 0
3216 B 27 0
3218 B 29 0
3220 A 31 0
3222 A 32 0
3224 A 33 0
3226 B 39 0
3232 B 43 0
3236 B 46 0
3238 A 46 0
3242 B 47 0
3244 B 46 0
3246 - 46 0
3248 - 45 0
3250 A 45 0
3252 A 46 0
3254 A 44 0
3256 A 43 0
3260 A 40 0
3262 A 39 0
3268 A 34 0
3270 A 33 0
3274 A 26 0
3280 A 18 0
3286 A 15 0
3290 A 12 0
3296 A 8 0
3302 A 4 0
3306 A 5 0
3308 A
3312 A 1 0
3314 A -3 0
3320 A -2 0
3322 A -7 0
3328 A -12 0
3336 A -17 0
3342 A -14 0
3348 A -12 0
3350 A -11 0
3354 A -9 0
3358 A -7 0
3360 A -6 0
3364 A -4 0
3368 A -3 0
3370 A -2 0
3372 A -1 0
3382 -
