# Championship, a fresh season, first round, car 8 with a manual gearbox and grippy tires.
#
# Written by n64/tools/n64drive.py (plan 'champ_round1_car8'); the driver saw:
#   TOP GEAR RALLY: row 0
#   First Season: row 2
#   P1 car 8 handling=Type 3 transmission=Manual tires=Grippy suspension=Harder
#   race 2400 frames; P1 drove 0.24 laps
frames 3573
0 -
80 A
88 -
294 START
302 -
468 A
476 -
526 A
534 -
636 A
644 -
742 - 80 0
766 -
780 A
804 -
818 - 80 0
842 -
856 - 80 0
880 -
894 A
918 -
932 - 80 0
956 -
970 A
994 -
1008 A
1032 -
1046 - 80 0
1070 -
1084 A
1108 -
1122 A
1152 -
1172 A
1536 A -1 0
1550 A -3 0
1560 A+R -4 0
1564 A+R -5 0
1572 A -6 0
1618 A -5 0
1624 A -6 0
1626 A -5 0
1630 A -6 0
1634 A -5 0
1640 A -6 0
1642 A -5 0
1648 A -6 0
1650 A -5 0
1656 A -6 0
1658 A -5 0
1666 A -4 0
1668 A -5 0
1674 A -4 0
1676 A -5 0
1680 A -4 0
1682 A+R -5 0
1694 A -4 0
1696 A -5 0
1700 A -4 0
1702 A -5 0
1706 A -4 0
1708 A -5 0
1712 A -4 0
1714 A -5 0
1718 A -4 0
1720 A -5 0
1724 A -4 0
1726 A -5 0
1730 A -4 0
1732 A -5 0
1736 A -4 0
1738 A -5 0
1742 A -4 0
1744 A -5 0
1748 A -4 0
1750 A -5 0
1752 A -4 0
1756 A -5 0
1758 A -4 0
1762 A -5 0
1764 A -4 0
1774 A -3 0
1776 A -4 0
1780 A -3 0
1782 A -4 0
1784 A -3 0
1788 A -4 0
1790 A -3 0
1792 A -4 0
1794 A -3 0
1798 A -4 0
1800 A -3 0
1804 A -4 0
1806 A -3 0
1808 A -4 0
1810 A -3 0
1818 A -4 0
1820 A -3 0
1862 A+R -3 0
1874 A -5 0
1878 A -7 0
1882 A -8 0
1888 A -9 0
1892 A -10 0
1898 A -11 0
1904 A -12 0
1912 A -13 0
1928 A -12 0
1930 A -15 0
1932 - -18 0
1934 - -19 0
1938 - -20 0
1940 - -22 0
1942 A -23 0
1944 A -24 0
1946 A -25 0
1952 A -24 0
1954 A -23 0
1956 A -20 0
1958 A -18 0
1960 A -16 0
1962 A -12 0
1964 A -10 0
1966 A -7 0
1968 A -5 0
1970 A -1 0
1972 A
1974 A 1 0
1978 A 2 0
1982 A 3 0
1984 A 4 0
1988 A 5 0
1992 A 6 0
1996 A 7 0
2000 A 8 0
2006 A 9 0
2014 A 8 0
2016 A 7 0
2018 A 6 0
2020 A 5 0
2022 A 4 0
2024 A 3 0
2026 A 2 0
2028 A 1 0
2032 A
2038 A -1 0
2042 A -2 0
2048 A -3 0
2056 A -4 0
2058 A -5 0
2062 A -6 0
2066 A -7 0
2070 A -8 0
2076 A -9 0
2088 A -10 0
2102 A -9 0
2104 A -10 0
2106 A -9 0
2110 A -8 0
2112 A -9 0
2114 A -8 0
2118 A -7 0
2122 A -6 0
2124 A -7 0
2134 A -8 0
2178 A -7 0
2186 A -6 0
2190 A -5 0
2194 A -3 0
2198 A -2 0
2202 A
2208 A 1 0
2210 A 2 0
2214 A 4 0
2218 A 6 0
2222 A 7 0
2226 A 8 0
2232 A 9 0
2240 A 10 0
2254 A 11 0
2256 A 10 0
2258 A 11 0
2260 A 10 0
2262 A 11 0
2264 A 10 0
2272 A 9 0
2274 A 10 0
2276 A 9 0
2280 A 8 0
2282 A 9 0
2284 A 8 0
2288 A 7 0
2290 A 8 0
2292 A 7 0
2294 A 6 0
2304 A 5 0
2312 A 4 0
2314 A 5 0
2316 A 4 0
2320 B 4 0
2322 A 4 0
2328 B 4 0
2336 - 4 0
2342 - 5 0
2344 - 4 0
2346 - 5 0
2348 - 4 0
2350 - 5 0
2354 - 6 0
2370 - 5 0
2372 - 6 0
2374 B 7 0
2382 B 8 0
2386 B 9 0
2392 B 10 0
2402 - 10 0
2406 - 11 0
2408 - 14 0
2410 A 14 0
2414 A 16 0
2416 - 16 0
2418 A 16 0
2420 - 17 0
2422 - 16 0
2426 - 15 0
2430 - 13 0
2434 - 12 0
2436 - 14 0
2438 Z 13 0
2442 Z 14 0
2444 Z 13 0
2446 A+Z 13 0
2448 A+Z 12 0
2450 A 11 0
2452 - 10 0
2454 - 9 0
2458 - 7 0
2460 - 6 0
2464 - 8 0
2470 - 9 0
2478 A 9 0
2484 A 8 0
2490 A 12 0
2492 A 13 0
2496 A 16 0
2508 A 15 0
2510 A 14 0
2512 A 13 0
2516 A 17 0
2518 A 16 0
2520 A 15 0
2522 A 17 0
2524 A 16 0
2526 A 15 0
2528 A 14 0
2532 A 13 0
2534 A 12 0
2538 A 10 0
2540 A 9 0
2544 A 7 0
2546 A 6 0
2548 A 5 0
2552 A 2 0
2560 A 5 0
2566 A 7 0
2568 A 8 0
2572 A 9 0
2576 A 10 0
2582 A 11 0
2586 A 10 0
2590 A 11 0
2592 A 9 0
2598 A 7 0
2604 A 4 0
2614 A 5 0
2616 A 4 0
2618 A 5 0
2620 A 4 0
2624 A 5 0
2626 A 4 0
2630 A 5 0
2632 A 3 0
2634 A 4 0
2636 A 2 0
2638 A 1 0
2644 A 2 0
2658 A 1 0
2670 A
2680 A 1 0
2686 A 2 0
2692 A 3 0
2698 A 4 0
2704 A 5 0
2710 A 7 0
2716 A 8 0
2722 A 9 0
2726 A 10 0
2732 A 11 0
2740 A 12 0
2746 A 13 0
2750 A+R 14 0
2752 A+R 15 0
2756 A+R 16 0
2758 A+R 17 0
2762 A 17 0
2766 A 18 0
2770 A 17 0
2774 A 16 0
2776 A 15 0
2778 A 16 0
2780 A 15 0
2782 A 14 0
2784 A 13 0
2788 A 11 0
2790 A 10 0
2792 A 8 0
2794 A 7 0
2796 A 5 0
2798 A 4 0
2800 A 2 0
2802 - 2 0
2804 A 4 0
2810 A 6 0
2812 - 6 0
2814 A 7 0
2816 A 8 0
2820 - 9 0
2822 A 9 0
2828 - 9 0
2830 A 9 0
2834 B 7 0
2838 B 8 0
2840 B 6 0
2846 B 4 0
2850 B 5 0
2852 - 3 0
2856 - 6 0
2858 - 4 0
2862 - 5 0
2864 - 2 0
2868 - 3 0
2870 -
2872 Z
2876 Z -2 0
2878 Z -13 0
2880 Z -24 0
2882 Z -26 0
2884 - -27 0
2886 - -29 0
2888 B -33 0
2890 - -34 0
2892 - -36 0
2894 - -37 0
2896 - -38 0
2898 - -39 0
2906 - -38 0
2908 - -51 0
2910 A -51 0
2912 - -50 0
2914 A -58 0
2916 A -56 0
2918 - -54 0
2920 A -51 0
2922 A -53 0
2924 A -49 0
2926 A -45 0
2928 A -43 0
2930 A -38 0
2932 A -32 0
2934 A -28 0
2936 A -22 0
2938 A -17 0
2940 A -12 0
2942 A -6 0
2944 A -2 0
2946 A 1 0
2948 A 5 0
2950 A 8 0
2954 A 2 0
2956 A -2 0
2958 A -7 0
2960 A -12 0
2962 A -16 0
2964 A -20 0
2966 A -24 0
2968 A -26 0
2970 A -28 0
2972 A -30 0
2974 - -31 0
2976 - -32 0
2978 - -33 0
2980 - -34 0
2982 - -33 0
2984 A -34 0
2986 - -34 0
2988 A -34 0
2990 - -36 0
2994 A -35 0
2996 - -34 0
2998 A -34 0
3000 A -32 0
3002 A -30 0
3004 A -28 0
3006 A -25 0
3008 A -22 0
3010 A -19 0
3012 A -15 0
3014 A -12 0
3016 A -10 0
3018 A -7 0
3020 A -3 0
3022 A -1 0
3024 A
3030 A 1 0
3032 A 2 0
3034 A 1 0
3054 A 2 0
3056 A 1 0
3062 A 2 0
3068 A -2 0
3070 A -3 0
3074 A -7 0
3076 A -8 0
3078 A -9 0
3080 A -12 0
3084 A -13 0
3086 A -15 0
3092 A -16 0
3098 A -15 0
3102 A -14 0
3104 A -19 0
3106 A -18 0
3110 A -20 0
3112 A -19 0
3118 A -18 0
3120 A -17 0
3122 A -16 0
3124 A -14 0
3126 A -12 0
3128 A -11 0
3130 A -10 0
3132 A -7 0
3134 A -5 0
3136 A -4 0
3140 A -7 0
3142 A -6 0
3146 A -8 0
3152 A -9 0
3164 A -8 0
3170 A -9 0
3172 A -7 0
3178 A -4 0
3182 A -5 0
3184 A -2 0
3190 A -3 0
3192 A -2 0
3196 A -3 0
3198 A -2 0
3202 A -3 0
3204 A -1 0
3206 A -2 0
3210 A -1 0
3216 A
3222 A 1 0
3226 A
3228 A 2 0
3234 A 4 0
3238 A 2 0
3250 A 1 0
3266 A
3268 A 1 0
3270 A -2 0
3274 A -3 0
3276 A -6 0
3280 A -9 0
3286 A -12 0
3290 A -14 0
3294 A -15 0
3296 A -16 0
3298 A -17 0
3300 A -18 0
3304 A -19 0
3306 A -20 0
3308 A -21 0
3314 A -25 0
3320 A -27 0
3322 A -26 0
3324 A -27 0
3326 A -26 0
3328 A -24 0
3330 A -23 0
3332 A -21 0
3334 A -18 0
3336 A -16 0
3338 A -13 0
3340 A -10 0
3342 A -8 0
3344 A -5 0
3346 A -3 0
3348 A
3350 A 1 0
3352 A 2 0
3354 A 5 0
3356 A 6 0
3358 A 9 0
3362 A 10 0
3364 A 12 0
3366 A 13 0
3368 A 15 0
3370 A 14 0
3374 A 15 0
3378 A 16 0
3380 A 14 0
3382 A 13 0
3384 A 14 0
3386 A 12 0
3390 A 11 0
3392 A 9 0
3396 A 8 0
3398 A 6 0
3402 A 5 0
3404 A 9 0
3408 A 8 0
3410 A 12 0
3412 A 11 0
3416 A 14 0
3418 A 13 0
3420 A 15 0
3424 A 14 0
3426 A 15 0
3428 A 14 0
3432 A 13 0
3434 A 12 0
3436 A 11 0
3438 A 10 0
3440 A 9 0
3442 A 8 0
3444 A 7 0
3446 A 10 0
3448 A 9 0
3452 A 11 0
3456 A 10 0
3458 A 12 0
3466 A 11 0
3472 A 10 0
3474 A 9 0
3478 A 7 0
3482 A 6 0
3484 A 4 0
3490 A 2 0
3494 A 5 0
3500 A 7 0
3502 A 8 0
3504 A 9 0
3506 A 10 0
3510 A 11 0
3520 A 10 0
3526 A 8 0
3530 A 6 0
3532 A 5 0
3536 A 3 0
3542 A 7 0
3546 A 10 0
3550 A 11 0
3552 A 12 0
3554 A 13 0
3566 A 12 0
3568 A 11 0
3572 -
