# Options -> Controller: TYPE B for player one, then an arcade race on Mountain in Fog weather driven through its controls.
#
# Written by n64/tools/n64drive.py (plan 'ctl_typeb_mountain'); the driver saw:
#   TOP GEAR RALLY: row 2
#   TRACK SELECT: row 2
#   P1 car 1
#   cheats: cars car9 car10 car11 car12 car15 tracks mirrors
#   TOP GEAR RALLY: row 6
#   OPTIONS: row 3
#   Controller 1: row 1
#   TOP GEAR RALLY: row 1
#   1P/2P SELECT: row 0
#   TRACK SELECT: row 1
#   WEATHER SELECT: row 1
#   P1 car 2 handling=Type 2 transmission=Automatic tires=Normal suspension=Normal
#   race 2400 frames; P1 drove 0.08 laps
frames 5977
0 -
80 A
88 -
294 START
302 -
456 - 80 0
464 -
488 - 80 0
496 -
532 A
540 -
590 A
598 -
696 START
720 -
734 A
758 -
772 A
796 -
810 A
834 -
848 A
872 -
886 A
916 -
964 A
972 -
980 DL
988 -
996 DL
1004 -
1012 CD
1020 -
1028 A
1036 -
1044 DR
1052 -
1060 Z
1068 -
1084 DU
1092 -
1100 DU
1108 -
1116 Z
1124 -
1132 B
1140 -
1148 A
1156 -
1164 DL
1172 -
1180 DL
1188 -
1204 DD
1212 -
1220 A
1228 -
1236 DR
1244 -
1252 Z
1260 -
1268 DR
1276 -
1284 DU
1292 -
1300 CD
1308 -
1324 CD
1332 -
1340 DU
1348 -
1356 B
1364 -
1372 DR
1380 -
1388 A
1396 -
1404 CD
1412 -
1420 A
1428 -
1436 DR
1444 -
1460 B
1468 -
1476 B
1484 -
1492 A
1500 -
1508 DL
1516 -
1524 DL
1532 -
1540 CD
1548 -
1556 A
1564 -
1572 DR
1580 -
1596 DR
1604 -
1612 DU
1620 -
1628 DL
1636 -
1644 CD
1652 -
1660 CD
1668 -
1676 A
1684 -
1692 DR
1700 -
1708 Z
1716 -
1732 A
1740 -
1748 DL
1756 -
1764 DL
1772 -
1780 DR
1788 -
1796 DD
1804 -
1812 Z
1820 -
1836 DR
1844 -
1852 DU
1860 -
1868 DL
1876 -
1884 CD
1892 -
1900 DR
1908 -
1916 DD
1924 -
1932 Z
1940 -
1948 START
1956 -
2016 DU
2024 -
2064 START
2072 -
2108 - -80 0
2116 -
2140 - -80 0
2148 -
2172 - -80 0
2180 -
2216 A
2224 -
2262 - 80 0
2270 -
2294 - 80 0
2302 -
2326 - 80 0
2334 -
2370 A
2378 -
2416 - 80 0
2424 -
2460 A
2468 -
2610 B
2618 -
2764 - 80 0
2772 -
2796 - 80 0
2804 -
2840 A
2848 -
2898 A
2906 -
2944 - -80 0
2952 -
2988 A
2996 -
3034 - 80 0
3042 -
3078 A
3086 -
3184 - 80 0
3208 -
3222 A
3246 -
3260 - 80 0
3284 -
3298 A
3322 -
3336 A
3360 -
3374 - 80 0
3398 -
3412 - 80 0
3436 -
3450 A
3474 -
3488 A
3512 -
3526 A
3556 -
3576 A -13 0
3842 A -14 0
3864 A -15 0
3874 A -16 0
3882 A -17 0
3884 A -12 0
3886 A -9 0
3896 A -10 0
3900 A -11 0
3906 A -9 0
3910 A -10 0
3918 A -11 0
3920 A -8 0
3922 A -9 0
3928 A -10 0
3930 A -7 0
3932 A -8 0
3934 A -6 0
3938 A -7 0
3940 A -5 0
3944 A -6 0
3950 A -5 0
3956 A -6 0
3960 A -5 0
3966 A -6 0
3972 A -7 0
3978 A -8 0
3988 A -9 0
3998 A -10 0
4000 A -9 0
4002 A -10 0
4012 A -11 0
4020 A -12 0
4026 A -13 0
4034 A -14 0
4036 A -13 0
4038 A -14 0
4040 A -13 0
4046 A -14 0
4048 A -13 0
4056 A -14 0
4058 A -13 0
4062 A -12 0
4064 A -13 0
4068 A -12 0
4070 A -13 0
4072 A -12 0
4076 A -13 0
4078 A -12 0
4082 A -11 0
4086 A -10 0
4088 A -11 0
4090 A -10 0
4094 A -11 0
4096 A -10 0
4100 A -9 0
4102 A -10 0
4104 A -7 0
4106 A -8 0
4108 - -9 0
4112 - -10 0
4120 - -11 0
4128 - -12 0
4130 B -11 0
4132 B -12 0
4134 B -11 0
4136 A -12 0
4138 B -11 0
4142 B -12 0
4144 B -11 0
4148 B -10 0
4150 B -11 0
4154 - -11 0
4158 - -12 0
4160 - -13 0
4162 - -14 0
4166 - -15 0
4170 - -16 0
4174 - -17 0
4176 - -18 0
4182 - -19 0
4188 - -20 0
4190 B -20 0
4194 B -21 0
4196 B -22 0
4198 - -20 0
4200 - -21 0
4204 B -20 0
4208 B -21 0
4210 B -19 0
4212 A -19 0
4214 A -20 0
4218 A -18 0
4222 A -19 0
4224 A -27 0
4226 - -28 0
4228 A -28 0
4230 - -29 0
4232 - -36 0
4234 - -37 0
4236 A -38 0
4238 - -43 0
4240 - -45 0
4242 - -46 0
4244 A -50 0
4246 - -52 0
4248 - -53 0
4250 A -55 0
4252 - -57 0
4254 - -59 0
4256 - -61 0
4258 A -73 0
4260 - -76 0
4262 - -78 0
4264 - -80 0
4266 B -80 0
4296 A -80 0
4300 B -80 0
4302 A -80 0
4312 A -74 0
4314 A -67 0
4316 A -66 0
4318 A -64 0
4320 A -62 0
4322 A -59 0
4324 A -56 0
4326 A -51 0
4328 A -48 0
4330 A -45 0
4332 A -43 0
4334 A -37 0
4336 A -35 0
4338 A -33 0
4340 A -32 0
4342 A -25 0
4344 A -23 0
4346 A -22 0
4348 A -21 0
4350 A -14 0
4352 A -13 0
4354 A -12 0
4356 A -6 0
4358 A -1 0
4360 A
4368 A 5 0
4370 A 6 0
4376 A 11 0
4380 A 12 0
4382 A 16 0
4384 A 17 0
4390 A 22 0
4394 A 23 0
4396 A 27 0
4398 A 28 0
4402 A 32 0
4404 A 33 0
4408 A 36 0
4410 A 37 0
4412 A 39 0
4414 A 41 0
4416 A 42 0
4418 A 43 0
4420 A 45 0
4422 A 46 0
4426 A 47 0
4428 A 48 0
4430 A 47 0
4432 A 48 0
4434 A 47 0
4436 A 48 0
4438 A 49 0
4440 A 47 0
4442 A 48 0
4444 A 46 0
4448 A 48 0
4450 A 44 0
4452 A 45 0
4454 A 42 0
4456 A 43 0
4458 A 38 0
4460 A 39 0
4462 A 35 0
4466 - 36 0
4468 A 31 0
4470 - 32 0
4472 A 27 0
4474 - 28 0
4476 A 19 0
4478 - 19 0
4480 A 20 0
4482 A 11 0
4484 - 11 0
4486 B 3 0
4490 B -4 0
4494 B -5 0
4496 B -12 0
4498 B -13 0
4500 B -20 0
4504 - -13 0
4506 - -22 0
4510 - -32 0
4512 - -33 0
4514 - -34 0
4518 - -44 0
4520 - -45 0
4522 - -46 0
4524 - -54 0
4526 - -56 0
4528 - -57 0
4530 - -59 0
4532 - -66 0
4534 - -68 0
4536 - -70 0
4538 - -75 0
4540 - -77 0
4542 - -78 0
4544 - -79 0
4546 - -80 0
4550 A -80 0
4556 A -79 0
4558 A -78 0
4560 A -77 0
4562 A -75 0
4564 A -72 0
4566 A -67 0
4568 A -63 0
4570 A -56 0
4572 A -46 0
4574 A -42 0
4576 A -38 0
4578 A -31 0
4580 A -25 0
4582 A -21 0
4584 A -14 0
4586 A -12 0
4590 A -10 0
4592 A -12 0
4594 A -13 0
4600 A -9 0
4602 A -10 0
4604 A -12 0
4606 A -13 0
4608 A -7 0
4610 A -6 0
4612 A -4 0
4614 A -5 0
4616 A -6 0
4618 A -2 0
4620 A -5 0
4622 A -8 0
4624 A -11 0
4626 A -6 0
4628 A -8 0
4630 A -10 0
4632 A -5 0
4634 A -6 0
4636 A -7 0
4638 A -1 0
4642 A 3 0
4646 A 4 0
4648 A 9 0
4650 A 14 0
4652 A 15 0
4654 A 18 0
4656 A 19 0
4658 A 20 0
4660 A 23 0
4662 B 23 0
4664 B 28 0
4666 B 29 0
4668 - 26 0
4670 - 31 0
4672 A 32 0
4674 - 33 0
4676 - 37 0
4678 - 38 0
4680 - 40 0
4682 - 43 0
4684 - 44 0
4686 - 46 0
4688 - 48 0
4690 - 50 0
4692 - 52 0
4694 - 53 0
4696 - 55 0
4698 - 57 0
4702 - 59 0
4704 - 62 0
4706 - 64 0
4708 - 66 0
4710 - 68 0
4712 - 71 0
4714 - 70 0
4716 - 72 0
4718 - 74 0
4720 B 73 0
4722 B 74 0
4724 - 74 0
4726 - 75 0
4728 - 71 0
4730 - 70 0
4732 - 69 0
4734 - 64 0
4736 - 62 0
4738 - 60 0
4740 A 58 0
4742 B 52 0
4744 B 55 0
4746 B 54 0
4748 B 52 0
4750 A 56 0
4752 B 45 0
4754 A 51 0
4756 A 46 0
4758 B 47 0
4760 A 55 0
4762 A 42 0
4764 B 43 0
4766 B 51 0
4768 - 52 0
4770 - 54 0
4772 - 46 0
4774 - 47 0
4776 - 48 0
4778 - 49 0
4780 - 41 0
4784 - 42 0
4786 - 43 0
4788 A 44 0
4790 - 39 0
4792 - 40 0
4794 - 41 0
4796 - 42 0
4798 - 37 0
4800 - 38 0
4804 - 37 0
4806 - 38 0
4810 - 39 0
4812 - 40 0
4814 - 38 0
4818 - 39 0
4820 - 40 0
4824 - 41 0
4830 - 42 0
4832 - 43 0
4834 - 44 0
4836 - 45 0
4838 - 42 0
4840 - 43 0
4842 - 44 0
4844 - 45 0
4846 - 46 0
4850 - 47 0
4852 - 48 0
4854 - 49 0
4856 - 50 0
4858 - 51 0
4860 - 49 0
4862 - 50 0
4864 - 51 0
4866 - 52 0
4868 - 53 0
4870 - 55 0
4872 - 56 0
4876 - 57 0
4878 - 58 0
4880 - 59 0
4882 - 67 0
4886 - 68 0
4890 A 68 0
4892 - 75 0
4896 - 74 0
4898 A 74 0
4900 - 73 0
4902 - 72 0
4904 A 71 0
4906 - 73 0
4908 - 71 0
4910 A 69 0
4912 - 67 0
4914 A 71 0
4916 - 68 0
4918 - 64 0
4920 A 61 0
4922 A 57 0
4924 A 54 0
4926 A 50 0
4928 A 47 0
4930 A 45 0
4934 A 42 0
4936 A 40 0
4938 A 38 0
4940 A 36 0
4942 A 34 0
4944 A 33 0
4946 A 32 0
4948 A 31 0
4950 A 30 0
4952 A 31 0
4954 A 30 0
4958 A 29 0
4966 A 30 0
4968 A 27 0
4972 A 28 0
4976 A 29 0
4980 A 30 0
4982 A 31 0
4984 A 32 0
4986 A 29 0
4988 A 30 0
4990 A 31 0
4992 A 32 0
5002 A 33 0
5004 A 34 0
5016 A 35 0
5020 A 36 0
5026 A 37 0
5032 A 38 0
5036 A 39 0
5038 A 37 0
5040 A 38 0
5042 A 39 0
5046 A 40 0
5048 A 41 0
5050 A 33 0
5052 A 29 0
5056 A 28 0
5062 A 29 0
5064 A 30 0
5066 A 27 0
5068 A 26 0
5074 A 28 0
5076 A 32 0
5080 A 35 0
5082 A 39 0
5086 A 41 0
5090 A 40 0
5092 A 37 0
5094 A 35 0
5098 A 33 0
5100 A 34 0
5102 A 35 0
5104 A 33 0
5106 A 32 0
5108 A 26 0
5110 A 15 0
5112 A 8 0
5114 A 9 0
5116 A 10 0
5118 A 11 0
5120 A 10 0
5122 A 7 0
5124 A 4 0
5126 A -4 0
5128 A -16 0
5130 A -32 0
5132 A -50 0
5134 A -80 0
5178 A 11 0
5262 A 12 0
5272 A 0 -80
5274 A 46 -80
5276 A 47 -80
5280 A 48 -80
5282 A 49 -80
5286 A 50 -80
5290 A 51 -80
5306 A 50 -80
5310 A 49 -80
5314 A 48 -80
5316 A 47 -80
5320 A 46 -80
5322 A 45 -80
5324 A 44 -80
5326 A 62 -80
5328 A 60 -80
5330 A 58 -80
5332 A 56 -80
5334 A 54 -80
5336 A 52 -80
5338 A 50 -80
5340 A 48 -80
5342 A 46 -80
5344 A 30 -80
5346 A 28 -80
5348 A 27 -80
5350 A 26 -80
5352 A 37 -80
5354 A 35 -80
5356 A 33 -80
5358 A 32 -80
5360 A 30 -80
5362 A 28 -80
5364 A 27 -80
5366 A 25 -80
5368 A 39 -80
5370 A 37 -80
5372 A 34 -80
5374 A 32 -80
5376 A 30 -80
5378 A 28 -80
5380 A 26 -80
5382 A 40 -80
5384 A 37 -80
5386 A 34 -80
5388 A 32 -80
5390 A 29 -80
5392 A 27 -80
5394 A 24 -80
5396 A 39 -80
5398 A 36 -80
5400 A 18 -80
5402 A 15 -80
5404 A 13 -80
5406 A 11 -80
5408 A 22 -80
5410 A 19 -80
5412 A 17 -80
5414 A 15 -80
5416 A 13 -80
5418 A 23 -80
5420 A 21 -80
5422 A 18 -80
5424 A 16 -80
5426 A 13 -80
5428 A 23 -80
5430 A 20 -80
5432 A 17 -80
5434 A 15 -80
5436 A 12 -80
5438 A 23 -80
5440 A 20 -80
5442 A 17 -80
5444 A 15 -80
5446 A 12 -80
5448 A 23 -80
5450 A 21 -80
5452 A 18 -80
5454 - -16 0
5456 - -28 0
5458 - -26 0
5460 - -23 0
5462 - -21 0
5464 - -19 0
5466 - -17 0
5468 - -16 0
5470 - -29 0
5472 - -27 0
5474 - -25 0
5476 - -23 0
5478 - -22 0
5480 - -20 0
5482 - -34 0
5484 - -32 0
5486 - -31 0
5488 - -29 0
5490 - -28 0
5492 - -27 0
5494 - -26 0
5496 - -36 0
5498 - -34 0
5500 - -33 0
5502 - -32 0
5504 - -31 0
5506 - -30 0
5508 - -40 0
5510 - -39 0
5512 A -37 0
5514 A -36 0
5516 A -35 0
5518 A -34 0
5520 A -68 0
5522 A -66 0
5524 A -65 0
5526 A -64 0
5532 A -65 0
5534 A -80 0
5604 A 0 -80
5606 A 8 -80
5628 A 7 -80
5642 A 6 -80
5652 A 19 -80
5654 A 5 -80
5672 A 4 -80
5676 A -9 -80
5688 A -10 -80
5694 A -31 -80
5696 A -32 -80
5704 A -33 -80
5708 A -32 -80
5714 A -31 -80
5718 A -30 -80
5720 A -29 -80
5722 A -45 -80
5724 A -44 -80
5726 A -43 -80
5728 A -42 -80
5730 A -40 -80
5732 A -39 -80
5734 A -38 -80
5736 A -36 -80
5738 A -35 -80
5740 A -34 -80
5742 A -33 -80
5744 A -31 -80
5746 A -30 -80
5748 A -29 -80
5750 A -28 -80
5752 A -26 -80
5754 A -25 -80
5756 A -24 -80
5758 A -23 -80
5760 A -22 -80
5762 A -21 -80
5764 A -20 -80
5766 A -19 -80
5768 A -18 -80
5772 A -17 -80
5774 A -16 -80
5778 A -15 -80
5782 A -14 -80
5786 A 12 0
5788 A 27 0
5790 A 25 0
5792 A 24 0
5794 A 23 0
5796 A 22 0
5798 A 21 0
5800 A 20 0
5802 A 19 0
5804 A 18 0
5808 A 17 0
5810 A 16 0
5814 A 15 0
5820 A 14 0
5824 A 13 0
5832 A 12 0
5834 A -3 0
5836 A -12 0
5838 A -13 0
5842 A -14 0
5846 A -15 0
5848 A -16 0
5852 A -17 0
5856 A -18 0
5862 A -19 0
5866 A -20 0
5870 A -21 0
5872 A -27 0
5874 A -28 0
5876 A -29 0
5878 A -32 0
5880 A -33 0
5882 A -34 0
5884 A -35 0
5886 - -30 0
5888 A -30 0
5890 - -31 0
5894 A -28 0
5896 - -28 0
5898 - -29 0
5902 A -28 0
5904 A -25 0
5906 A -21 0
5908 A -16 0
5910 A -13 0
5912 A -11 0
5914 A 7 0
5916 A 11 0
5918 A 14 0
5920 A 18 0
5922 A 21 0
5924 A 25 0
5926 A 28 0
5928 A 39 0
5930 A 42 0
5932 A 45 0
5934 A 48 0
5936 A 51 0
5938 A 64 0
5940 A 67 0
5942 A 69 0
5944 A 73 0
5946 A 76 0
5948 A 79 0
5950 A 80 0
5976 -
