# Paint shop, car 1: the rectangle tool in its four styles (filled, frame, rounded filled, rounded frame) and the oval tool in its four (filled, frame, disc, circle), each with the dashed outline dragged between the two clicks, then the text tool's keyboard typed into, closed and the text stamped.
#
# Written by n64/tools/n64drive.py (plan 'paint_shapes'); the driver saw:
#   TOP GEAR RALLY: row 4
frames 8783
0 -
80 A
88 -
294 START
302 -
456 - -80 0
464 -
488 - -80 0
496 -
520 - -80 0
528 -
564 A
572 -
850 A
858 -
1164 - 80 -80
1176 - 68 -80
1178 - 46 -80
1180 - 32 -80
1182 - 28 -78
1184 - 28 -54
1186 - 0 -36
1188 - 0 -28
1194 -
1198 A
1202 -
1206 A
1210 -
1250 A
1254 -
1294 - 0 80
1346 - 0 76
1348 - 0 64
1350 - 0 54
1352 - 0 46
1354 - 0 40
1356 - 0 34
1358 - 0 30
1360 - 0 28
1370 -
1374 A
1378 -
1394 - 80 -32
1396 - 80 -28
1398 - 74 -28
1400 - 62 -28
1402 - 52 -28
1404 - 44 -28
1406 - 38 -28
1408 - 32 0
1410 - 28 0
1422 -
1442 - 80 -44
1444 - 80 -38
1446 - 76 -32
1448 - 64 -28
1450 - 54 -28
1452 - 46 -28
1454 - 40 -28
1456 - 34 -28
1458 - 30 -28
1460 - 28 0
1470 -
1494 A
1498 -
1558 A
1562 -
1578 - -80 -28
1580 - -78 -28
1582 - -66 -28
1584 - -56 -28
1586 - -48 -28
1588 - -40 0
1590 - -34 0
1592 - -30 0
1594 - -28 0
1604 -
1624 - -80 -28
1628 - -78 -28
1630 - -66 -28
1632 - -56 -28
1634 - -48 0
1636 - -40 0
1638 - -34 0
1640 - -30 0
1642 - -28 0
1652 -
1676 A
1680 -
1736 - 80 80
1742 - 80 78
1744 - 80 66
1746 - 80 56
1748 - 80 48
1750 - 80 40
1752 - 80 34
1754 - 80 30
1756 - 80 28
1766 - 70 0
1768 - 58 0
1770 - 50 0
1772 - 42 0
1774 - 36 0
1776 - 30 0
1778 - 28 0
1788 -
1792 A
1796 -
1812 - 70 -80
1814 - 58 -80
1816 - 50 -80
1818 - 42 -74
1820 - 36 -62
1822 - 30 -52
1824 - 28 -44
1826 - 28 -38
1828 - 28 -32
1830 - 28 -28
1834 - 0 -28
1842 -
1862 - 70 -80
1864 - 58 -80
1866 - 50 -80
1868 - 42 -80
1870 - 36 -74
1872 - 30 -62
1874 - 28 -52
1876 - 28 -44
1878 - 28 -38
1880 - 28 -32
1882 - 28 -28
1884 - 0 -28
1894 -
1918 A
1922 -
1978 - -80 -80
2000 - -80 -62
2002 - -80 -42
2004 - -80 -28
2008 - -62 -28
2010 - -42 0
2012 - -28 0
2018 -
2022 A
2026 -
2030 A
2034 -
2074 DR
2078 -
2094 A
2098 -
2138 - 80 80
2168 - 76 80
2170 - 64 74
2172 - 54 62
2174 - 46 52
2176 - 40 44
2178 - 34 38
2180 - 30 32
2182 - 28 28
2192 - 0 28
2194 -
2198 A
2202 -
2218 - -58 64
2220 - -50 54
2222 - -42 46
2224 - -36 40
2226 - -30 34
2228 - -28 30
2230 - -28 28
2238 - 0 28
2240 -
2260 - -70 64
2262 - -58 54
2264 - -50 46
2266 - -42 40
2268 - -36 34
2270 - -30 30
2272 - -28 28
2282 -
2306 A
2310 -
2366 - -80 -80
2372 - -80 -76
2374 - -80 -64
2376 - -80 -54
2378 - -80 -46
2380 - -80 -40
2382 - -80 -34
2384 - -80 -30
2386 - -80 -28
2396 - -80 0
2398 - -70 0
2400 - -58 0
2402 - -50 0
2404 - -42 0
2406 - -36 0
2408 - -30 0
2410 - -28 0
2420 -
2424 A
2428 -
2444 - 58 -64
2446 - 50 -54
2448 - 42 -46
2450 - 36 -40
2452 - 30 -34
2454 - 28 -30
2456 - 28 -28
2464 - 0 -28
2466 -
2486 - 70 -64
2488 - 58 -54
2490 - 50 -46
2492 - 42 -40
2494 - 36 -34
2496 - 30 -30
2498 - 28 -28
2508 -
2532 A
2536 -
2596 A
2600 -
2616 - -58 80
2618 - -50 80
2620 - -42 80
2622 - -36 76
2624 - -30 64
2626 - -28 54
2628 - -28 46
2630 - -28 40
2632 - -28 34
2634 - -28 30
2636 - 0 28
2646 -
2666 - -70 80
2668 - -58 80
2670 - -50 80
2672 - -42 80
2674 - -36 74
2676 - -30 62
2678 - -28 52
2680 - -28 44
2682 - -28 38
2684 - -28 32
2686 - -28 28
2688 - 0 28
2698 -
2722 A
2726 -
2782 - 0 -80
2842 - 0 -60
2844 - 0 -40
2846 - 0 -28
2852 -
2856 A
2860 -
2864 A
2868 -
2908 DR
2912 -
2928 A
2932 -
2972 - 80 80
2988 - 58 80
2990 - 40 80
2992 - 28 80
2998 - 28 72
3000 - 28 60
3002 - 28 50
3004 - 0 42
3006 - 0 36
3008 - 0 30
3010 - 0 28
3020 -
3024 A
3028 -
3044 - 68 28
3046 - 58 28
3048 - 50 28
3050 - 42 28
3052 - 36 28
3054 - 30 0
3056 - 28 0
3066 -
3086 - 70 28
3088 - 58 28
3090 - 50 28
3092 - 42 28
3094 - 36 28
3096 - 30 0
3098 - 28 0
3108 -
3132 A
3136 -
3192 - 0 -80
3198 - 0 -76
3200 - 0 -64
3202 - 0 -54
3204 - 0 -46
3206 - 0 -40
3208 - 0 -34
3210 - 0 -30
3212 - 0 -28
3222 -
3226 A
3230 -
3246 - -58 34
3248 - -50 30
3250 - -42 28
3252 - -36 28
3254 - -30 28
3256 - -28 28
3260 - -28 0
3266 -
3286 - -70 44
3288 - -58 38
3290 - -50 32
3292 - -42 28
3294 - -36 28
3296 - -30 28
3298 - -28 28
3304 - -28 0
3308 -
3332 A
3336 -
3392 - -80 80
3406 - -80 76
3408 - -80 64
3410 - -80 54
3412 - -80 46
3414 - -80 40
3416 - -80 34
3418 - -80 30
3420 - -80 28
3424 - -70 28
3426 - -58 28
3428 - -50 28
3430 - -42 0
3432 - -36 0
3434 - -30 0
3436 - -28 0
3446 -
3450 A
3454 -
3470 - 80 -32
3472 - 78 -28
3474 - 66 -28
3476 - 56 -28
3478 - 48 -28
3480 - 40 -28
3482 - 34 -28
3484 - 30 0
3486 - 28 0
3496 -
3516 - 80 -44
3518 - 80 -38
3520 - 78 -32
3522 - 66 -28
3524 - 56 -28
3526 - 48 -28
3528 - 40 -28
3530 - 34 -28
3532 - 30 -28
3534 - 28 0
3544 -
3568 A
3572 -
3628 - -80 -80
3646 - -74 -80
3648 - -62 -80
3650 - -52 -80
3652 - -44 -80
3654 - -38 -80
3656 - -32 -80
3658 - -28 -80
3666 - 0 -80
3676 - 0 -62
3678 - 0 -42
3680 - 0 -28
3686 -
3690 A
3694 -
3698 A
3702 -
3742 DR
3746 -
3762 A
3766 -
3806 - 80 80
3816 - 64 80
3818 - 44 80
3820 - 30 80
3822 - 28 80
3826 - 0 80
3844 - 0 78
3846 - 0 66
3848 - 0 56
3850 - 0 48
3852 - 0 40
3854 - 0 34
3856 - 0 30
3858 - 0 28
3868 -
3872 A
3876 -
3892 - -80 -28
3896 - -68 0
3898 - -58 0
3900 - -50 0
3902 - -42 0
3904 - -36 0
3906 - -30 0
3908 - -28 0
3918 -
3938 - -80 -28
3942 - -78 -28
3944 - -66 -28
3946 - -56 -28
3948 - -48 0
3950 - -40 0
3952 - -34 0
3954 - -30 0
3956 - -28 0
3966 -
3990 A
3994 -
4050 - 80 80
4056 - 80 76
4058 - 80 64
4060 - 80 54
4062 - 80 46
4064 - 80 40
4066 - 80 34
4068 - 80 30
4070 - 80 28
4080 - 70 0
4082 - 58 0
4084 - 50 0
4086 - 42 0
4088 - 36 0
4090 - 30 0
4092 - 28 0
4102 -
4106 A
4110 -
4126 - 70 -80
4128 - 58 -80
4130 - 50 -80
4132 - 42 -74
4134 - 36 -62
4136 - 30 -52
4138 - 28 -44
4140 - 28 -38
4142 - 28 -32
4144 - 28 -28
4148 - 0 -28
4156 -
4176 - 70 -80
4178 - 58 -80
4180 - 50 -80
4182 - 42 -80
4184 - 36 -74
4186 - 30 -62
4188 - 28 -52
4190 - 28 -44
4192 - 28 -38
4194 - 28 -32
4196 - 28 -28
4198 - 0 -28
4208 -
4232 A
4236 -
4292 - 0 80
4298 - 0 76
4300 - 0 64
4302 - 0 54
4304 - 0 46
4306 - 0 40
4308 - 0 34
4310 - 0 30
4312 - 0 28
4322 -
4326 A
4330 -
4346 - -58 66
4348 - -50 56
4350 - -42 48
4352 - -36 40
4354 - -30 34
4356 - -28 30
4358 - -28 28
4366 - 0 28
4368 -
4388 - -70 64
4390 - -58 54
4392 - -50 46
4394 - -42 40
4396 - -36 34
4398 - -30 30
4400 - -28 28
4410 -
4434 A
4438 -
4494 - -80 -80
4500 - -74 -80
4502 - -62 -80
4504 - -52 -80
4506 - -44 -80
4508 - -38 -80
4510 - -32 -80
4512 - -28 -80
4524 - 0 -80
4554 - 0 -58
4556 - 0 -40
4558 - 0 -28
4564 -
4568 A
4572 -
4576 A
4580 -
4620 A
4624 -
4664 - -80 80
4672 - -60 80
4674 - -40 80
4676 - -28 80
4682 - 0 80
4696 - 0 74
4698 - 0 62
4700 - 0 52
4702 - 0 44
4704 - 0 38
4706 - 0 32
4708 - 0 28
4720 -
4724 A
4728 -
4744 - 60 -54
4746 - 50 -46
4748 - 42 -40
4750 - 36 -34
4752 - 30 -30
4754 - 28 -28
4764 -
4784 - 70 -64
4786 - 58 -54
4788 - 50 -46
4790 - 42 -40
4792 - 36 -34
4794 - 30 -30
4796 - 28 -28
4806 -
4830 A
4834 -
4894 A
4898 -
4914 - -58 80
4916 - -50 80
4918 - -42 80
4920 - -36 76
4922 - -30 64
4924 - -28 54
4926 - -28 46
4928 - -28 40
4930 - -28 34
4932 - -28 30
4934 - 0 28
4944 -
4964 - -70 80
4966 - -58 80
4968 - -50 80
4970 - -42 80
4972 - -36 74
4974 - -30 62
4976 - -28 52
4978 - -28 44
4980 - -28 38
4982 - -28 32
4984 - -28 28
4986 - 0 28
4996 -
5020 A
5024 -
5080 - 80 -80
5094 - 80 -68
5096 - 80 -58
5098 - 80 -50
5100 - 80 -42
5102 - 80 -36
5104 - 80 -30
5106 - 80 -28
5110 - 70 -28
5112 - 58 -28
5114 - 50 -28
5116 - 42 0
5118 - 36 0
5120 - 30 0
5122 - 28 0
5132 -
5136 A
5140 -
5156 - 70 28
5158 - 58 28
5160 - 50 0
5162 - 42 0
5164 - 36 0
5166 - 30 0
5168 - 28 0
5178 -
5198 - 70 28
5200 - 58 28
5202 - 50 28
5204 - 42 28
5206 - 36 28
5208 - 30 0
5210 - 28 0
5220 -
5244 A
5248 -
5304 - -80 -80
5330 - -70 -80
5332 - -46 -80
5334 - -32 -80
5336 - -28 -80
5340 - 0 -80
5344 - 0 -62
5346 - 0 -42
5348 - 0 -28
5354 -
5358 A
5362 -
5366 A
5370 -
5410 DR
5414 -
5430 A
5434 -
5474 - 80 80
5488 - 58 80
5490 - 40 78
5492 - 28 54
5494 - 28 36
5496 - 28 30
5498 - 28 28
5502 - 0 28
5508 -
5512 A
5516 -
5532 - -60 46
5534 - -50 40
5536 - -42 34
5538 - -36 30
5540 - -30 28
5542 - -28 28
5550 - -28 0
5552 -
5572 - -70 44
5574 - -58 38
5576 - -50 32
5578 - -42 28
5580 - -36 28
5582 - -30 28
5584 - -28 28
5590 - -28 0
5594 -
5618 A
5622 -
5678 - -80 80
5692 - -80 76
5694 - -80 64
5696 - -80 54
5698 - -80 46
5700 - -80 40
5702 - -80 34
5704 - -80 30
5706 - -80 28
5710 - -70 28
5712 - -58 28
5714 - -50 28
5716 - -42 0
5718 - -36 0
5720 - -30 0
5722 - -28 0
5732 -
5736 A
5740 -
5756 - 80 -32
5758 - 78 -28
5760 - 66 -28
5762 - 56 -28
5764 - 48 -28
5766 - 40 -28
5768 - 34 -28
5770 - 30 0
5772 - 28 0
5782 -
5802 - 80 -44
5804 - 80 -38
5806 - 78 -32
5808 - 66 -28
5810 - 56 -28
5812 - 48 -28
5814 - 40 -28
5816 - 34 -28
5818 - 30 -28
5820 - 28 0
5830 -
5854 A
5858 -
5918 A
5922 -
5938 - -80 -28
5940 - -78 -28
5942 - -66 -28
5944 - -56 -28
5946 - -48 -28
5948 - -40 0
5950 - -34 0
5952 - -30 0
5954 - -28 0
5964 -
5984 - -80 -28
5988 - -78 -28
5990 - -66 -28
5992 - -56 -28
5994 - -48 0
5996 - -40 0
5998 - -34 0
6000 - -30 0
6002 - -28 0
6012 -
6036 A
6040 -
6096 - 80 -80
6108 - 74 -80
6110 - 62 -80
6112 - 52 -80
6114 - 44 -80
6116 - 38 -80
6118 - 32 -80
6120 - 28 -80
6128 - 0 -80
6138 - 0 -58
6140 - 0 -40
6142 - 0 -28
6148 -
6152 A
6156 -
6160 A
6164 -
6204 DR
6208 -
6224 A
6228 -
6268 - 80 80
6272 - 60 80
6274 - 40 80
6276 - 28 80
6282 - 0 80
6320 - 0 72
6322 - 0 60
6324 - 0 50
6326 - 0 42
6328 - 0 36
6330 - 0 30
6332 - 0 28
6342 -
6346 A
6350 -
6366 - 68 -80
6368 - 58 -80
6370 - 50 -80
6372 - 42 -74
6374 - 36 -62
6376 - 30 -52
6378 - 28 -44
6380 - 28 -38
6382 - 28 -32
6384 - 28 -28
6388 - 0 -28
6396 -
6416 - 70 -80
6418 - 58 -80
6420 - 50 -80
6422 - 42 -80
6424 - 36 -74
6426 - 30 -62
6428 - 28 -52
6430 - 28 -44
6432 - 28 -38
6434 - 28 -32
6436 - 28 -28
6438 - 0 -28
6448 -
6472 A
6476 -
6532 - 0 80
6538 - 0 76
6540 - 0 64
6542 - 0 54
6544 - 0 46
6546 - 0 40
6548 - 0 34
6550 - 0 30
6552 - 0 28
6562 -
6566 A
6570 -
6586 - -58 66
6588 - -50 56
6590 - -42 48
6592 - -36 40
6594 - -30 34
6596 - -28 30
6598 - -28 28
6606 - 0 28
6608 -
6628 - -70 64
6630 - -58 54
6632 - -50 46
6634 - -42 40
6636 - -36 34
6638 - -30 30
6640 - -28 28
6650 -
6674 A
6678 -
6734 - -80 -80
6740 - -80 -76
6742 - -80 -64
6744 - -80 -54
6746 - -80 -46
6748 - -80 -40
6750 - -80 -34
6752 - -80 -30
6754 - -80 -28
6764 - -80 0
6766 - -70 0
6768 - -58 0
6770 - -50 0
6772 - -42 0
6774 - -36 0
6776 - -30 0
6778 - -28 0
6788 -
6792 A
6796 -
6812 - 58 -64
6814 - 50 -54
6816 - 42 -46
6818 - 36 -40
6820 - 30 -34
6822 - 28 -30
6824 - 28 -28
6832 - 0 -28
6834 -
6854 - 70 -64
6856 - 58 -54
6858 - 50 -46
6860 - 42 -40
6862 - 36 -34
6864 - 30 -30
6866 - 28 -28
6876 -
6900 A
6904 -
6960 - 30 -80
6962 - 28 -80
6970 - 0 -80
6982 - 0 -64
6984 - 0 -44
6986 - 0 -30
6988 - 0 -28
6992 -
6996 A
7000 -
7004 A
7008 -
7048 DR
7052 -
7068 A
7072 -
7112 - -28 80
7116 - 0 80
7128 - 0 78
7130 - 0 54
7132 - 0 36
7134 - 0 30
7136 - 0 28
7146 -
7150 A
7154 -
7170 - -66 80
7172 - -56 80
7174 - -48 80
7176 - -40 80
7178 - -34 76
7180 - -30 64
7182 - -28 54
7184 - -28 46
7186 - -28 40
7188 - -28 34
7190 - -28 30
7192 - 0 28
7202 -
7222 - -70 80
7224 - -58 80
7226 - -50 80
7228 - -42 80
7230 - -36 74
7232 - -30 62
7234 - -28 52
7236 - -28 44
7238 - -28 38
7240 - -28 32
7242 - -28 28
7244 - 0 28
7254 -
7278 A
7282 -
7338 - 80 -80
7352 - 80 -68
7354 - 80 -58
7356 - 80 -50
7358 - 80 -42
7360 - 80 -36
7362 - 80 -30
7364 - 80 -28
7368 - 70 -28
7370 - 58 -28
7372 - 50 -28
7374 - 42 0
7376 - 36 0
7378 - 30 0
7380 - 28 0
7390 -
7394 A
7398 -
7414 - 70 28
7416 - 58 28
7418 - 50 0
7420 - 42 0
7422 - 36 0
7424 - 30 0
7426 - 28 0
7436 -
7456 - 70 28
7458 - 58 28
7460 - 50 28
7462 - 42 28
7464 - 36 28
7466 - 30 0
7468 - 28 0
7478 -
7502 A
7506 -
7562 - 0 -80
7568 - 0 -76
7570 - 0 -64
7572 - 0 -54
7574 - 0 -46
7576 - 0 -40
7578 - 0 -34
7580 - 0 -30
7582 - 0 -28
7592 -
7596 A
7600 -
7616 - -58 34
7618 - -50 30
7620 - -42 28
7622 - -36 28
7624 - -30 28
7626 - -28 28
7630 - -28 0
7636 -
7656 - -70 44
7658 - -58 38
7660 - -50 32
7662 - -42 28
7664 - -36 28
7666 - -30 28
7668 - -28 28
7674 - -28 0
7678 -
7702 A
7706 -
7762 - 80 -80
7780 - 78 -80
7782 - 66 -80
7784 - 44 -80
7786 - 30 -80
7788 - 28 -80
7792 - 0 -60
7794 - 0 -40
7796 - 0 -28
7802 -
7806 A
7810 -
7866 - -80 80
7882 - -60 80
7884 - -50 80
7886 - -42 80
7888 - -36 80
7890 - -30 80
7892 - -28 80
7894 - -28 74
7896 - -28 62
7898 - -28 52
7900 - -28 44
7902 - 0 38
7904 - 0 32
7906 - 0 28
7918 -
7922 A
7926 -
7982 - -80 80
7986 - -80 56
7988 - -80 38
7990 - -80 28
7996 - -80 0
8012 - -74 0
8014 - -50 0
8016 - -34 0
8018 - -28 0
8024 -
8040 A
8044 -
8080 - 80 0
8082 - 76 0
8084 - 52 0
8086 - 36 0
8088 - 28 0
8094 -
8110 A
8114 -
8150 - 80 0
8152 - 76 0
8154 - 52 0
8156 - 36 0
8158 - 28 0
8164 -
8180 A
8184 -
8220 - 80 -80
8234 - 80 -70
8236 - 80 -46
8238 - 80 -32
8240 - 80 -28
8244 - 80 0
8256 - 68 0
8258 - 46 0
8260 - 32 0
8262 - 28 0
8266 -
8282 A
8286 -
8322 - -80 80
8336 - -80 66
8338 - -80 44
8340 - -80 30
8342 - -80 28
8346 - -80 0
8350 - -58 0
8352 - -40 0
8354 - -28 0
8360 -
8376 A
8380 -
8416 - 80 -80
8430 - 80 -68
8432 - 80 -46
8434 - 80 -32
8436 - 80 -28
8440 - 80 0
8460 - 68 0
8462 - 46 0
8464 - 32 0
8466 - 28 0
8470 -
8486 A
8490 -
8526 - -80 56
8528 - -68 38
8530 - -46 28
8532 - -32 28
8534 - -28 28
8536 - -28 0
8538 -
8582 A
8586 -
