# Paint shop, car 7 (the second car in the list): the same random walk with seed 2 and a longer run.
#
# Written by n64/tools/n64drive.py (plan 'paint_walk2'); the driver saw:
#   TOP GEAR RALLY: row 4
#   TOP GEAR RALLY: row 4
#   paint shop: 261 random moves (seed 2), left and re-entered 1 times
frames 31355
0 -
80 A
88 -
294 START
302 -
456 - -80 0
464 -
488 - -80 0
496 -
520 - -80 0
528 -
564 A
572 -
850 - 80 0
858 -
978 A
986 -
1292 A -80 80
1314 A -62 80
1316 A -42 80
1318 A -28 80
1320 A -28 68
1322 A -28 46
1324 A 0 32
1326 A 0 28
1330 -
1334 CR
1342 -
1382 A 80 -80
1408 A 76 -80
1410 A 52 -80
1412 A 36 -80
1414 A 28 -80
1420 A 0 -66
1422 A 0 -44
1424 A 0 -30
1426 A 0 -28
1430 -
1434 A
1442 -
1482 - -80 80
1492 - -70 56
1494 - -46 38
1496 - -32 28
1498 - -28 28
1502 -
1506 L
1514 -
1554 - 80 -28
1556 - 80 0
1650 - 76 0
1652 - 64 0
1654 - 54 0
1656 - 46 0
1658 - 40 0
1660 - 34 0
1662 - 30 0
1664 - 28 0
1672 -
1676 Z
1684 -
1724 - -80 -28
1734 - -80 0
1770 - -76 0
1772 - -64 0
1774 - -54 0
1776 - -46 0
1778 - -40 0
1780 - -34 0
1782 - -30 0
1784 - -28 0
1794 -
1798 R
1806 -
1846 - 80 80
1884 - 80 74
1886 - 80 62
1888 - 74 52
1890 - 62 44
1892 - 52 38
1894 - 44 32
1896 - 38 28
1898 - 32 28
1900 - 28 28
1908 - 28 0
1912 -
1916 A
1924 -
1964 A -80 -28
1966 A -80 0
2084 A -76 0
2086 A -52 0
2088 A -36 0
2090 A -28 0
2096 -
2100 A
2108 -
2148 - 80 -80
2158 - 80 -72
2160 - 80 -48
2162 - 80 -32
2164 - 80 -28
2168 - 80 0
2256 - 72 0
2258 - 60 0
2260 - 50 0
2262 - 42 0
2264 - 36 0
2266 - 30 0
2268 - 28 0
2278 -
2282 A
2290 -
2330 - -80 -80
2334 - -80 -70
2336 - -80 -58
2338 - -80 -50
2340 - -80 -42
2342 - -80 -36
2344 - -80 -30
2346 - -80 -28
2356 - -80 0
2418 - -66 0
2420 - -44 0
2422 - -30 0
2424 - -28 0
2428 -
2432 A
2440 -
2480 - 80 -80
2504 - 80 -70
2506 - 56 -46
2508 - 38 -32
2510 - 28 -28
2514 - 28 0
2516 -
2520 A
2528 -
2568 - 80 80
2576 - 74 80
2578 - 50 80
2580 - 34 80
2582 - 28 80
2588 - 0 80
2644 - 0 74
2646 - 0 62
2648 - 0 52
2650 - 0 44
2652 - 0 38
2654 - 0 32
2656 - 0 28
2660 -
2664 A
2672 -
2712 - 36 -80
2714 - 28 -80
2722 - 0 -80
2780 - 0 -68
2782 - 0 -46
2784 - 0 -32
2786 - 0 -28
2790 -
2794 A
2802 -
2842 - 80 80
2844 - 56 80
2846 - 38 80
2848 - 28 80
2850 - 28 68
2852 - 28 58
2854 - 28 50
2856 - 28 42
2858 - 0 36
2860 - 0 30
2862 - 0 28
2872 -
2876 B
2884 -
2924 - -70 80
2926 - -58 80
2928 - -50 80
2930 - -42 80
2932 - -36 80
2934 - -30 80
2936 - -28 80
2938 - -28 76
2940 - -28 64
2942 - -28 54
2944 - -28 46
2946 - 0 40
2948 - 0 34
2950 - 0 30
2952 - 0 28
2962 -
2966 B
2974 -
3014 A 46 -80
3016 A 40 -80
3018 A 34 -80
3020 A 30 -80
3022 A 28 -80
3032 A 0 -80
3054 A 0 -70
3056 A 0 -46
3058 A 0 -32
3060 A 0 -28
3064 -
3068 A
3076 -
3116 A -80 38
3118 A -80 28
3124 A -80 0
3164 A -74 0
3166 A -50 0
3168 A -34 0
3170 A -28 0
3176 -
3180 CR
3188 -
3228 - 80 -80
3238 - 80 -66
3240 - 80 -44
3242 - 80 -30
3244 - 80 -28
3246 - 56 -28
3248 - 38 0
3250 - 28 0
3256 -
3260 A
3268 -
3308 - 80 80
3328 - 80 68
3330 - 80 58
3332 - 80 50
3334 - 80 42
3336 - 80 36
3338 - 80 30
3340 - 80 28
3350 - 80 0
3352 - 70 0
3354 - 58 0
3356 - 50 0
3358 - 42 0
3360 - 36 0
3362 - 30 0
3364 - 28 0
3374 -
3378 A
3386 -
3426 A -80 -80
3446 A -80 -68
3448 A -80 -46
3450 A -80 -32
3452 A -80 -28
3456 A -80 0
3462 A -68 0
3464 A -46 0
3466 A -32 0
3468 A -28 0
3472 -
3476 A
3484 -
3524 - -80 -60
3526 - -80 -40
3528 - -80 -28
3534 - -80 0
3560 - -58 0
3562 - -40 0
3564 - -28 0
3570 -
3574 A
3582 -
3622 A 80 36
3624 A 80 28
3630 A 80 0
3636 A 64 0
3638 A 44 0
3640 A 30 0
3642 A 28 0
3646 -
3650 A
3658 -
3698 - -80 80
3716 - -70 80
3718 - -46 80
3720 - -32 80
3722 - -28 80
3726 - 0 80
3732 - 0 76
3734 - 0 52
3736 - 0 36
3738 - 0 28
3744 -
3748 A
3756 -
3796 - 80 -80
3800 - 62 -80
3802 - 42 -80
3804 - 28 -80
3810 - 0 -80
3832 - 0 -62
3834 - 0 -42
3836 - 0 -28
3842 -
3846 CL
3854 -
3894 A 80 80
3908 A 58 80
3910 A 40 80
3912 A 28 80
3918 A 0 80
3948 A 0 60
3950 A 0 40
3952 A 0 28
3958 -
3962 A
3970 -
4010 A -80 0
4034 A -74 0
4036 A -50 0
4038 A -34 0
4040 A -28 0
4046 -
4050 A
4058 -
4098 A -28 -28
4102 -
4106 A
4114 -
4154 - 34 -80
4156 - 28 -80
4162 - 0 -80
4204 - 0 -66
4206 - 0 -44
4208 - 0 -30
4210 - 0 -28
4214 -
4218 A
4226 -
4266 - 80 -80
4268 - 80 -66
4270 - 80 -44
4272 - 80 -30
4274 - 80 -28
4276 - 58 -28
4278 - 40 0
4280 - 28 0
4286 -
4290 A
4298 -
4338 A 80 80
4342 A 80 72
4344 A 80 48
4346 A 80 32
4348 A 80 28
4352 A 80 0
4400 A 70 0
4402 A 46 0
4404 A 32 0
4406 A 28 0
4410 -
4414 A
4422 -
4462 - -80 80
4532 - -78 80
4534 - -66 56
4536 - -44 38
4538 - -30 28
4540 - -28 28
4544 -
4548 A
4556 -
4596 A -80 -80
4602 A -80 -64
4604 A -80 -44
4606 A -80 -30
4608 A -80 -28
4612 A -80 0
4614 A -64 0
4616 A -44 0
4618 A -30 0
4620 A -28 0
4624 -
4628 A
4636 -
4676 - 80 -80
4694 - 80 -60
4696 - 80 -40
4698 - 80 -28
4704 - 80 0
4748 - 72 0
4750 - 60 0
4752 - 50 0
4754 - 42 0
4756 - 36 0
4758 - 30 0
4760 - 28 0
4770 -
4774 A
4782 -
4822 A -80 -80
4838 A -80 -68
4840 A -80 -46
4842 A -80 -32
4844 A -80 -28
4848 A -80 0
4852 A -60 0
4854 A -40 0
4856 A -28 0
4862 -
4866 A
4874 -
4914 - -80 80
4928 - -62 80
4930 - -42 80
4932 - -28 66
4934 - -28 44
4936 - -28 30
4938 - 0 28
4942 -
4946 A
4954 -
4994 A 80 -80
5016 A 64 -80
5018 A 44 -80
5020 A 30 -58
5022 A 28 -40
5024 A 28 -28
5026 A 0 -28
5030 -
5034 A
5042 -
5082 - -80 80
5108 -
5112 A
5120 -
5160 A 80 80
5196 A 76 80
5198 A 64 80
5200 A 54 80
5202 A 46 80
5204 A 40 80
5206 A 34 80
5208 A 30 80
5210 A 28 80
5214 A 28 76
5216 A 28 64
5218 A 28 54
5220 A 0 46
5222 A 0 40
5224 A 0 34
5226 A 0 30
5228 A 0 28
5238 -
5242 CR
5250 -
5290 - -80 -80
5324 - -80 -76
5326 - -80 -64
5328 - -80 -54
5330 - -80 -46
5332 - -80 -40
5334 - -80 -34
5336 - -80 -30
5338 - -80 -28
5346 - -80 0
5354 - -64 0
5356 - -44 0
5358 - -30 0
5360 - -28 0
5364 -
5368 A
5376 -
5416 - 80 80
5482 - 80 68
5484 - 80 58
5486 - 80 50
5488 - 80 34
5490 - 80 28
5494 - 62 28
5496 - 42 0
5498 - 28 0
5504 -
5508 A
5516 -
5556 A -80 -28
5560 A -80 0
5622 A -78 0
5624 A -54 0
5626 A -36 0
5628 A -28 0
5634 -
5638 A
5646 -
5686 - 80 -80
5698 - 62 -80
5700 - 42 -80
5702 - 28 -80
5708 - 0 -80
5710 - 0 -74
5712 - 0 -50
5714 - 0 -34
5716 - 0 -28
5722 -
5726 A
5734 -
5774 A -80 80
5790 A -80 76
5792 A -80 52
5794 A -80 36
5796 A -80 28
5802 A -70 0
5804 A -46 0
5806 A -32 0
5808 A -28 0
5812 -
5816 A
5824 -
5864 - 80 80
5872 - 80 74
5874 - 80 50
5876 - 80 34
5878 - 80 28
5884 - 80 0
5896 - 58 0
5898 - 40 0
5900 - 28 0
5906 -
5910 A
5918 -
5958 - 80 -80
5968 - 80 -60
5970 - 80 -40
5972 - 60 -28
5974 - 40 -28
5976 - 28 -28
5980 - 28 0
5988 -
5992 A
6000 -
6040 A -80 80
6046 A -80 56
6048 A -80 38
6050 A -80 28
6056 A -80 0
6096 A -76 0
6098 A -52 0
6100 A -36 0
6102 A -28 0
6108 -
6112 A
6120 -
6160 - 80 -80
6172 - 68 -80
6174 - 46 -80
6176 - 32 -80
6178 - 28 -80
6182 - 0 -80
6186 - 0 -56
6188 - 0 -38
6190 - 0 -28
6196 -
6200 A
6208 -
6248 A -28 80
6252 A 0 80
6284 A 0 70
6286 A 0 46
6288 A 0 32
6290 A 0 28
6294 -
6298 A
6306 -
6346 - 80 0
6360 - 72 0
6362 - 48 0
6364 - 32 0
6366 - 28 0
6370 -
6374 A
6382 -
6422 - 80 -80
6432 - 76 -80
6434 - 52 -80
6436 - 36 -80
6438 - 28 -80
6448 - 0 -80
6480 - 0 -78
6482 - 0 -66
6484 - 0 -56
6486 - 0 -48
6488 - 0 -40
6490 - 0 -34
6492 - 0 -30
6494 - 0 -28
6504 -
6508 A
6516 -
6556 - -80 -80
6570 - -80 -72
6572 - -56 -48
6574 - -38 -32
6576 - -28 -28
6580 - -28 0
6582 -
6586 A
6594 -
6634 - -80 80
6640 - -80 74
6642 - -80 50
6644 - -80 34
6646 - -80 28
6652 - -80 0
6660 - -78 0
6662 - -54 0
6664 - -36 0
6666 - -28 0
6672 -
6676 CD
6684 -
6724 - 80 -76
6726 - 80 -52
6728 - 80 -36
6730 - 78 -28
6732 - 54 -28
6734 - 36 -28
6736 - 28 0
6742 -
6746 A
6754 -
6794 - 80 80
6842 - 80 78
6844 - 80 54
6846 - 80 36
6848 - 80 28
6854 - 80 0
6868 - 66 0
6870 - 44 0
6872 - 30 0
6874 - 28 0
6878 -
6882 A
6890 -
6930 A -80 -80
6942 A -80 -74
6944 A -80 -62
6946 A -80 -52
6948 A -80 -44
6950 A -80 -38
6952 A -80 -32
6954 A -80 -28
6960 A -68 -28
6962 A -58 -28
6964 A -50 -28
6966 A -42 0
6968 A -36 0
6970 A -30 0
6972 A -28 0
6982 -
6986 A
6994 -
7034 A -80 80
7056 A -80 60
7058 A -80 40
7060 A -80 28
7066 A -80 0
7086 A -58 0
7088 A -40 0
7090 A -28 0
7096 -
7100 Z
7108 -
7148 A 80 50
7150 A 80 34
7152 A 80 28
7158 A 80 0
7202 A 66 0
7204 A 44 0
7206 A 30 0
7208 A 28 0
7212 -
7216 A
7224 -
7264 - -80 -80
7316 - -74 -80
7318 - -50 -80
7320 - -34 -62
7322 - -28 -42
7324 - -28 -28
7328 - 0 -28
7330 -
7334 A
7342 -
7382 A -80 80
7394 A -80 74
7396 A -80 50
7398 A -80 34
7400 A -80 28
7406 A -80 0
7408 A -66 0
7410 A -44 0
7412 A -30 0
7414 A -28 0
7418 -
7422 A
7430 -
7470 A 80 -80
7498 A 60 -56
7500 A 40 -38
7502 A 28 -28
7508 -
7512 A
7520 -
7560 - 80 80
7582 - 56 80
7584 - 48 80
7586 - 40 80
7588 - 34 70
7590 - 30 58
7592 - 28 50
7594 - 28 42
7596 - 28 36
7598 - 28 30
7600 - 28 28
7602 - 0 28
7610 -
7614 A
7622 -
7662 - -52 0
7664 - -44 0
7666 - -38 0
7668 - -32 0
7670 - -28 0
7682 -
7686 A
7694 -
7734 - -80 80
7766 - -80 60
7768 - -80 40
7770 - -80 28
7776 - -80 0
7778 - -64 0
7780 - -44 0
7782 - -30 0
7784 - -28 0
7788 -
7792 A
7800 -
7840 - 80 -80
7846 - 80 -58
7848 - 80 -40
7850 - 80 -28
7856 - 80 0
7880 - 66 0
7882 - 44 0
7884 - 30 0
7886 - 28 0
7890 -
7894 A
7902 -
7942 A 80 -80
7952 A 70 -80
7954 A 58 -80
7956 A 50 -80
7958 A 42 -80
7960 A 36 -80
7962 A 30 -80
7964 A 28 -80
7974 A 0 -80
8006 A 0 -66
8008 A 0 -44
8010 A 0 -30
8012 A 0 -28
8016 -
8020 A
8028 -
8068 - -80 80
8094 -
8098 A
8106 -
8146 A -80 80
8174 -
8178 R
8186 -
8226 - 74 -80
8252 -
8256 A
8264 -
8304 - -80 80
8330 -
8334 A
8342 -
8382 - -80 80
8390 - -80 72
8392 - -80 48
8394 - -80 32
8396 - -80 28
8400 - -80 0
8440 - -64 0
8442 - -44 0
8444 - -30 0
8446 - -28 0
8450 -
8454 A
8462 -
8502 A -32 80
8504 A -28 80
8508 A 0 80
8516 A 0 72
8518 A 0 48
8520 A 0 32
8522 A 0 28
8526 -
8530 A
8538 -
8578 - 80 80
8598 - 80 62
8600 - 80 42
8602 - 80 28
8608 - 80 0
8630 - 78 0
8632 - 54 0
8634 - 36 0
8636 - 28 0
8642 -
8646 Z
8654 -
8694 A -80 -80
8708 A -80 -62
8710 A -80 -42
8712 A -80 -36
8714 A -80 -30
8716 A -80 -28
8724 A -80 0
8744 A -74 0
8746 A -50 0
8748 A -34 0
8750 A -28 0
8756 -
8760 A
8768 -
8808 A 80 -80
8816 A 80 -56
8818 A 80 -38
8820 A 80 -28
8826 A 80 0
8836 A 76 0
8838 A 64 0
8840 A 54 0
8842 A 46 0
8844 A 40 0
8846 A 34 0
8848 A 30 0
8850 A 28 0
8860 -
8864 A
8872 -
8912 - -80 -80
8918 - -80 -70
8920 - -80 -58
8922 - -80 -50
8924 - -80 -42
8926 - -80 -36
8928 - -80 -28
8934 - -80 0
8944 - -62 0
8946 - -42 0
8948 - -28 0
8954 -
8958 R
8966 -
9006 - -80 80
9010 - -78 80
9012 - -54 80
9014 - -36 80
9016 - -28 80
9018 - -28 72
9020 - -28 48
9022 - 0 32
9024 - 0 28
9028 -
9032 A
9040 -
9080 - 80 80
9088 - 80 74
9090 - 80 50
9092 - 80 34
9094 - 80 28
9100 - 80 0
9102 - 66 0
9104 - 44 0
9106 - 30 0
9108 - 28 0
9112 -
9116 A
9124 -
9164 - -42 -80
9166 - -28 -80
9172 - 0 -80
9178 - 0 -72
9180 - 0 -48
9182 - 0 -32
9184 - 0 -28
9188 -
9192 A
9200 -
9240 A 80 -80
9276 A 80 -64
9278 A 80 -44
9280 A 80 -30
9282 A 80 -28
9286 A 80 0
9304 A 66 0
9306 A 44 0
9308 A 30 0
9310 A 28 0
9314 -
9318 A
9326 -
9366 - -80 -80
9368 - -80 -62
9370 - -80 -42
9372 - -80 -28
9378 - -80 0
9452 - -78 0
9454 - -54 0
9456 - -36 0
9458 - -28 0
9464 -
9468 CD
9476 -
9516 A 80 80
9536 A 80 70
9538 A 80 46
9540 A 80 32
9542 A 80 28
9546 A 80 0
9584 A 72 0
9586 A 60 0
9588 A 50 0
9590 A 42 0
9592 A 36 0
9594 A 30 0
9596 A 28 0
9606 -
9610 A
9618 -
9658 - -80 -80
9678 - -80 -78
9680 - -80 -66
9682 - -80 -44
9684 - -80 -30
9686 - -76 -28
9688 - -52 -28
9690 - -36 0
9692 - -28 0
9698 -
9702 A
9710 -
9750 - 80 80
9790 - 80 78
9792 - 80 66
9794 - 80 56
9796 - 80 48
9798 - 80 40
9800 - 80 34
9802 - 80 30
9804 - 80 28
9806 - 76 28
9808 - 64 28
9810 - 54 28
9812 - 46 28
9814 - 40 0
9816 - 34 0
9818 - 30 0
9820 - 28 0
9830 -
9834 A
9842 -
9882 - -80 -80
9934 - -80 -68
9936 - -80 -46
9938 - -80 -32
9940 - -80 -28
9944 - -80 0
9966 - -74 0
9968 - -50 0
9970 - -34 0
9972 - -28 0
9978 -
9982 A
9990 -
10030 A 80 80
10036 A 80 64
10038 A 80 44
10040 A 80 30
10042 A 80 28
10046 A 80 0
10136 A 72 0
10138 A 60 0
10140 A 50 0
10142 A 42 0
10144 A 36 0
10146 A 30 0
10148 A 28 0
10158 -
10162 R
10170 -
10210 A -80 80
10252 A -80 68
10254 A -80 58
10256 A -80 50
10258 A -80 42
10260 A -80 36
10262 A -80 30
10264 A -80 28
10274 A -80 0
10334 A -78 0
10336 A -54 0
10338 A -36 0
10340 A -28 0
10346 -
10350 A
10358 -
10398 A 80 -80
10420 A 80 -74
10422 A 80 -50
10424 A 80 -34
10426 A 80 -28
10432 A 80 0
10470 A 68 0
10472 A 46 0
10474 A 32 0
10476 A 28 0
10480 -
10484 A
10492 -
10532 - -80 80
10536 - -76 80
10538 - -52 80
10540 - -36 80
10542 - -28 80
10552 - 0 80
10584 - 0 72
10586 - 0 60
10588 - 0 50
10590 - 0 42
10592 - 0 36
10594 - 0 30
10596 - 0 28
10602 -
10606 A
10614 -
10654 A -80 80
10658 A -80 76
10660 A -80 52
10662 A -80 36
10664 A -80 28
10670 A -80 0
10680 A -76 0
10682 A -52 0
10684 A -36 0
10686 A -28 0
10692 -
10696 A
10704 -
10744 - -32 -80
10746 - -28 -80
10750 - 0 -80
10754 - 0 -58
10756 - 0 -40
10758 - 0 -28
10764 -
10768 A
10776 -
10816 - -28 -80
10820 - 0 -80
10830 - 0 -56
10832 - 0 -38
10834 - 0 -28
10840 -
10844 A
10852 -
10892 A 80 0
10950 A 70 0
10952 A 58 0
10954 A 50 0
10956 A 42 0
10958 A 36 0
10960 A 30 0
10962 A 28 0
10972 -
10976 A
10984 -
11024 A 74 -80
11026 A 62 -80
11028 A 52 -80
11030 A 44 -80
11032 A 38 -80
11034 A 32 -80
11036 A 28 -80
11040 A 0 -80
11042 A 0 -74
11044 A 0 -50
11046 A 0 -34
11048 A 0 -28
11054 -
11058 CU
11066 -
11106 - -80 80
11120 - -66 80
11122 - -56 80
11124 - -48 80
11126 - -40 80
11128 - -34 80
11130 - -30 80
11132 - -28 80
11142 - 0 80
11186 - 0 70
11188 - 0 46
11190 - 0 32
11192 - 0 28
11196 -
11200 A
11208 -
11248 - -80 -80
11292 - -60 -80
11294 - -40 -80
11296 - -28 -80
11302 - 0 -80
11306 - 0 -68
11308 - 0 -46
11310 - 0 -32
11312 - 0 -28
11316 -
11320 L
11328 -
11368 - 80 80
11408 - 80 74
11410 - 80 62
11412 - 80 52
11414 - 80 44
11416 - 80 38
11418 - 80 32
11420 - 80 28
11432 - 80 0
11458 - 70 0
11460 - 58 0
11462 - 50 0
11464 - 42 0
11466 - 36 0
11468 - 30 0
11470 - 28 0
11480 -
11484 A
11492 -
11532 - -80 -80
11578 - -80 -76
11580 - -80 -64
11582 - -80 -44
11584 - -80 -30
11586 - -80 -28
11590 - -80 0
11614 - -76 0
11616 - -52 0
11618 - -36 0
11620 - -28 0
11626 -
11630 A
11638 -
11678 - 80 80
11702 - 80 76
11704 - 80 52
11706 - 80 36
11708 - 80 30
11710 - 80 28
11720 - 80 0
11746 - 78 0
11748 - 66 0
11750 - 56 0
11752 - 48 0
11754 - 40 0
11756 - 34 0
11758 - 30 0
11760 - 28 0
11770 -
11774 CD
11782 -
11822 A -80 80
11828 A -80 72
11830 A -80 48
11832 A -80 32
11834 A -80 28
11838 A -80 0
11878 A -76 0
11880 A -52 0
11882 A -36 0
11884 A -28 0
11890 -
11894 CR
11902 -
11942 A 80 80
11950 A 80 66
11952 A 80 44
11954 A 56 30
11956 A 38 28
11958 A 28 28
11960 A 28 0
11964 -
11968 A
11976 -
12016 A -80 -80
12036 A -74 -80
12038 A -50 -80
12040 A -34 -72
12042 A -28 -48
12044 A -28 -32
12046 A -28 -28
12050 A -28 0
12076 -
12080 B
12088 -
12128 A 80 -80
12150 A 80 -60
12152 A 80 -40
12154 A 80 -28
12156 A 68 -28
12158 A 46 -28
12160 A 32 0
12162 A 28 0
12166 -
12170 A
12178 -
12218 - 80 -28
12222 - 80 0
12260 - 74 0
12262 - 50 0
12264 - 34 0
12266 - 28 0
12272 -
12276 CU
12284 -
12324 A -80 -80
12330 A -80 -76
12332 A -80 -52
12334 A -80 -36
12336 A -80 -28
12342 A -80 0
12356 A -78 0
12358 A -54 0
12360 A -36 0
12362 A -28 0
12368 -
12372 A
12380 -
12420 - 80 80
12424 - 62 80
12426 - 42 80
12428 - 28 80
12430 - 28 56
12432 - 28 38
12434 - 0 28
12440 -
12444 A
12452 -
12492 - -80 80
12498 - -80 78
12500 - -80 54
12502 - -80 36
12504 - -80 28
12510 - -80 0
12524 - -60 0
12526 - -40 0
12528 - -28 0
12534 -
12538 A
12546 -
12586 - 80 80
12612 - 80 56
12614 - 80 38
12616 - 80 28
12622 - 80 0
12654 - 76 0
12656 - 52 0
12658 - 36 0
12660 - 28 0
12666 -
12670 A
12678 -
12718 A -80 80
12722 A -80 66
12724 A -80 44
12726 A -80 30
12728 A -80 28
12732 A -80 0
12750 A -72 0
12752 A -48 0
12754 A -32 0
12756 A -28 0
12760 -
12764 A
12772 -
12812 A -80 -80
12820 A -66 -80
12822 A -44 -80
12824 A -30 -80
12826 A -28 -80
12830 A 0 -80
12848 A 0 -58
12850 A 0 -40
12852 A 0 -28
12858 -
12862 CU
12870 -
12910 A 80 80
12916 A 80 78
12918 A 80 54
12920 A 80 46
12922 A 80 40
12924 A 80 34
12926 A 80 30
12928 A 80 28
12938 A 70 0
12940 A 58 0
12942 A 50 0
12944 A 42 0
12946 A 36 0
12948 A 30 0
12950 A 28 0
12960 -
12964 A
12972 -
13012 A -80 -80
13014 A -74 -78
13016 A -62 -66
13018 A -52 -56
13020 A -44 -48
13022 A -38 -40
13024 A -32 -34
13026 A -28 -30
13028 A -28 -28
13038 -
13042 A
13050 -
13090 - -80 -28
13092 - -80 0
13094 - -68 0
13096 - -58 0
13098 - -50 0
13100 - -42 0
13102 - -36 0
13104 - -30 0
13106 - -28 0
13116 -
13120 B
13128 -
13168 A -80 80
13178 A -64 80
13180 A -44 56
13182 A -30 38
13184 A -28 28
13188 A 0 28
13190 -
13194 A
13202 -
13242 A 40 -80
13244 A 28 -80
13250 A 0 -80
13254 A 0 -56
13256 A 0 -38
13258 A 0 -28
13264 -
13268 A
13276 -
13316 A 80 80
13340 A 78 80
13342 A 66 80
13344 A 56 74
13346 A 48 62
13348 A 40 52
13350 A 34 44
13352 A 30 38
13354 A 28 32
13356 A 28 28
13364 A 0 28
13368 -
13372 CL
13380 -
13420 - -80 -80
13440 - -68 -80
13442 - -58 -80
13444 - -50 -80
13446 - -42 -80
13448 - -36 -80
13450 - -30 -80
13452 - -28 -80
13456 - 0 -80
13480 - 0 -74
13482 - 0 -50
13484 - 0 -34
13486 - 0 -28
13492 -
13496 A
13504 -
13544 - 80 80
13550 - 74 80
13552 - 50 80
13554 - 34 80
13556 - 28 80
13562 - 0 80
13602 - 0 72
13604 - 0 60
13606 - 0 50
13608 - 0 42
13610 - 0 36
13612 - 0 30
13614 - 0 28
13624 -
13628 L
13636 -
13676 - 80 -80
13684 - 70 -80
13686 - 58 -80
13688 - 50 -80
13690 - 42 -80
13692 - 36 -80
13694 - 30 -80
13696 - 28 -80
13706 - 0 -80
13736 - 0 -68
13738 - 0 -46
13740 - 0 -32
13742 - 0 -28
13746 -
13750 A
13758 -
13798 - -80 80
13810 - -72 74
13812 - -48 50
13814 - -40 42
13816 - -34 36
13818 - -30 30
13820 - -28 28
13830 -
13834 A
13842 -
13882 A 80 80
13894 A 78 80
13896 A 66 80
13898 A 56 80
13900 A 48 80
13902 A 40 80
13904 A 34 80
13906 A 30 80
13908 A 28 80
13910 A 28 68
13912 A 28 58
13914 A 28 50
13916 A 28 42
13918 A 0 36
13920 A 0 30
13922 A 0 28
13932 -
13936 A
13944 -
13984 A -28 -80
13992 A 0 -80
13994 A 0 -70
13996 A 0 -58
13998 A 0 -50
14000 A 0 -42
14002 A 0 -36
14004 A 0 -30
14006 A 0 -28
14016 -
14020 CD
14028 -
14068 A -80 64
14070 A -74 54
14072 A -62 46
14074 A -52 40
14076 A -44 34
14078 A -38 30
14080 A -32 28
14082 A -28 28
14090 A -28 0
14094 -
14098 A
14106 -
14146 A 70 80
14148 A 58 80
14150 A 50 80
14152 A 42 80
14154 A 36 80
14156 A 30 80
14158 A 28 80
14168 A 0 80
14172 A 0 68
14174 A 0 58
14176 A 0 50
14178 A 0 42
14180 A 0 36
14182 A 0 30
14184 A 0 28
14190 -
14194 R
14202 -
14242 A -80 -80
14274 A -80 -70
14276 A -80 -46
14278 A -80 -32
14280 A -80 -28
14284 A -80 0
14302 A -60 0
14304 A -40 0
14306 A -28 0
14312 -
14316 R
14324 -
14364 A 80 80
14380 A 80 66
14382 A 80 44
14384 A 80 30
14386 A 80 28
14390 A 80 0
14486 A 68 0
14488 A 58 0
14490 A 50 0
14492 A 42 0
14494 A 36 0
14496 A 30 0
14498 A 28 0
14508 -
14512 L
14520 -
14560 - -80 80
14562 - -80 76
14564 - -80 64
14566 - -80 54
14568 - -80 46
14570 - -80 40
14572 - -80 34
14574 - -80 28
14580 - -80 0
14598 - -64 0
14600 - -44 0
14602 - -30 0
14604 - -28 0
14608 -
14612 A
14620 -
14660 A -80 -80
14686 A -72 -80
14688 A -48 -80
14690 A -32 -80
14692 A -28 -80
14696 A 0 -80
14706 A 0 -56
14708 A 0 -38
14710 A 0 -28
14716 -
14720 A
14728 -
14768 A 80 80
14806 A 80 72
14808 A 80 60
14810 A 80 50
14812 A 80 42
14814 A 80 36
14816 A 80 30
14818 A 80 28
14826 A 72 28
14828 A 60 0
14830 A 50 0
14832 A 42 0
14834 A 36 0
14836 A 30 0
14838 A 28 0
14848 -
14852 A
14860 -
14900 A -80 -80
14940 A -62 -62
14942 A -42 -42
14944 A -28 -28
14950 -
14954 A
14962 -
15002 - 80 80
15012 - 60 80
15014 - 40 80
15016 - 28 80
15028 - 0 80
15032 - 0 76
15034 - 0 64
15036 - 0 54
15038 - 0 46
15040 - 0 40
15042 - 0 34
15044 - 0 30
15046 - 0 28
15056 -
15060 A
15068 -
15108 - -80 80
15128 - -80 62
15130 - -80 42
15132 - -80 28
15138 - -80 0
15144 - -66 0
15146 - -44 0
15148 - -30 0
15150 - -28 0
15154 -
15158 A
15166 -
15206 A 80 50
15208 A 80 34
15210 A 80 28
15216 A 80 0
15222 A 66 0
15224 A 44 0
15226 A 30 0
15228 A 28 0
15232 -
15236 A
15244 -
15284 - -80 -80
15296 - -80 -68
15298 - -80 -46
15300 - -80 -32
15302 - -80 -28
15304 - -74 -28
15306 - -50 0
15308 - -34 0
15310 - -28 0
15316 -
15320 A
15328 -
15368 - 80 80
15372 - 80 60
15374 - 80 40
15376 - 80 28
15382 - 80 0
15420 - 78 0
15422 - 66 0
15424 - 56 0
15426 - 48 0
15428 - 40 0
15430 - 34 0
15432 - 30 0
15434 - 28 0
15444 -
15448 A
15456 -
15496 - 80 -80
15512 - 72 -80
15514 - 60 -80
15516 - 50 -80
15518 - 42 -80
15520 - 36 -80
15522 - 30 -80
15524 - 28 -80
15528 - 28 -72
15530 - 28 -60
15532 - 28 -50
15534 - 0 -42
15536 - 0 -36
15538 - 0 -30
15540 - 0 -28
15550 -
15554 A
15562 -
15602 - -80 -80
15608 - -80 -72
15610 - -80 -60
15612 - -80 -50
15614 - -80 -42
15616 - -80 -36
15618 - -80 -30
15620 - -80 -28
15630 - -80 0
15694 - -60 0
15696 - -40 0
15698 - -28 0
15704 -
15708 A
15716 -
15756 - 80 80
15766 - 80 66
15768 - 80 44
15770 - 80 30
15772 - 80 28
15776 - 80 0
15848 - 70 0
15850 - 58 0
15852 - 50 0
15854 - 42 0
15856 - 36 0
15858 - 30 0
15860 - 28 0
15870 -
15874 A
15882 -
15922 - -80 28
15930 - -80 0
15938 - -70 0
15940 - -58 0
15942 - -50 0
15944 - -42 0
15946 - -36 0
15948 - -30 0
15950 - -28 0
15960 -
15964 A
15972 -
16012 - -80 -64
16014 - -80 -54
16016 - -80 -46
16018 - -80 -40
16020 - -80 -34
16022 - -80 -30
16024 - -80 -28
16034 - -80 0
16082 - -64 0
16084 - -44 0
16086 - -30 0
16088 - -28 0
16092 -
16096 A
16104 -
16144 A 80 80
16162 A 80 62
16164 A 80 42
16166 A 80 28
16172 A 80 0
16206 A 56 0
16208 A 38 0
16210 A 28 0
16216 -
16220 A
16228 -
16268 A -80 -76
16270 A -80 -52
16272 A -80 -36
16274 A -80 -28
16280 A -80 0
16346 A -68 0
16348 A -46 0
16350 A -32 0
16352 A -28 0
16356 -
16360 A
16368 -
16408 A 80 80
16422 A 80 66
16424 A 80 44
16426 A 80 30
16428 A 80 28
16430 A 66 28
16432 A 44 0
16434 A 30 0
16436 A 28 0
16440 -
16444 A
16452 -
16492 - -80 -80
16500 - -66 -80
16502 - -44 -80
16504 - -30 -80
16506 - -28 -80
16510 - 0 -80
16512 - 0 -76
16514 - 0 -52
16516 - 0 -36
16518 - 0 -28
16524 -
16528 A
16536 -
16576 A -80 -80
16578 A -68 -80
16580 A -46 -80
16582 A -32 -70
16584 A -28 -46
16586 A -28 -32
16588 A 0 -28
16592 -
16596 A
16604 -
16644 A 80 80
16676 A 80 66
16678 A 80 44
16680 A 80 30
16682 A 80 28
16686 A 80 0
16724 A 78 0
16726 A 54 0
16728 A 36 0
16730 A 28 0
16736 -
16740 A
16748 -
16788 A -80 -28
16790 A -80 0
16868 A -62 0
16870 A -42 0
16872 A -28 0
16878 -
16882 L
16890 -
16930 A 80 -80
16942 A 80 -58
16944 A 80 -40
16946 A 80 -28
16952 A 80 0
17038 A 68 0
17040 A 58 0
17042 A 50 0
17044 A 42 0
17046 A 36 0
17048 A 30 0
17050 A 28 0
17060 -
17064 A
17072 -
17112 A -80 -80
17152 A -80 -72
17154 A -80 -60
17156 A -80 -50
17158 A -80 -42
17160 A -80 -36
17162 A -80 -30
17164 A -80 -28
17174 A -80 0
17216 A -64 0
17218 A -44 0
17220 A -30 0
17222 A -28 0
17226 -
17230 A
17238 -
17278 A 80 -80
17286 A 64 -80
17288 A 44 -80
17290 A 30 -80
17292 A 28 -80
17294 A 28 -78
17296 A 0 -54
17298 A 0 -36
17300 A 0 -28
17306 -
17310 A
17318 -
17358 - 80 80
17386 - 72 80
17388 - 60 80
17390 - 50 80
17392 - 42 80
17394 - 36 80
17396 - 30 80
17398 - 28 80
17406 - 28 76
17408 - 0 64
17410 - 0 54
17412 - 0 46
17414 - 0 40
17416 - 0 34
17418 - 0 30
17420 - 0 28
17430 -
17434 CD
17442 -
17482 - 80 80
17512 - 80 60
17514 - 60 40
17516 - 40 28
17518 - 28 28
17522 - 28 0
17524 -
17528 A
17536 -
17576 A -80 -66
17578 A -80 -44
17580 A -80 -30
17582 A -80 -28
17586 A -80 0
17622 A -60 0
17624 A -40 0
17626 A -28 0
17632 -
17636 A
17644 -
17684 A 80 28
17690 A 80 0
17716 A 64 0
17718 A 44 0
17720 A 30 0
17722 A 28 0
17726 -
17730 A
17738 -
17778 A -80 -80
17804 A -74 -80
17806 A -62 -80
17808 A -52 -80
17810 A -44 -80
17812 A -38 -80
17814 A -32 -80
17816 A -28 -80
17828 A 0 -80
17862 A 0 -58
17864 A 0 -40
17866 A 0 -28
17872 -
17876 A
17884 -
17924 - -60 80
17950 -
17954 A
17962 -
18002 A -44 80
18006 A -30 80
18008 A -28 80
18012 A 0 80
18048 A 0 64
18050 A 0 44
18052 A 0 30
18054 A 0 28
18058 -
18062 A
18070 -
18110 A 80 -80
18170 A 80 -76
18172 A 80 -64
18174 A 80 -44
18176 A 80 -30
18178 A 80 -28
18180 A 64 -28
18182 A 44 0
18184 A 30 0
18186 A 28 0
18190 -
18194 A
18202 -
18242 A -80 80
18300 A -80 70
18302 A -80 58
18304 A -80 50
18306 A -80 42
18308 A -80 36
18310 A -80 30
18312 A -80 28
18322 A -80 0
18334 A -68 0
18336 A -46 0
18338 A -32 0
18340 A -28 0
18344 -
18348 A
18356 -
18396 A -80 -80
18402 A -64 -80
18404 A -44 -80
18406 A -30 -80
18408 A -28 -80
18412 A 0 -80
18426 A 0 -58
18428 A 0 -40
18430 A 0 -28
18436 -
18440 A
18448 -
18488 A 80 80
18490 A 80 60
18492 A 80 40
18494 A 80 28
18500 A 80 0
18564 A 74 0
18566 A 62 0
18568 A 52 0
18570 A 44 0
18572 A 38 0
18574 A 32 0
18576 A 28 0
18588 -
18592 CL
18600 -
18640 A -80 -56
18642 A -80 -48
18644 A -80 -40
18646 A -80 -34
18648 A -80 -30
18650 A -80 -28
18660 A -80 0
18698 A -78 0
18700 A -54 0
18702 A -36 0
18704 A -28 0
18710 -
18714 A
18722 -
18762 - -74 80
18764 - -50 80
18766 - -34 80
18768 - -28 80
18774 - 0 80
18796 - 0 60
18798 - 0 40
18800 - 0 28
18806 -
18810 A
18818 -
18858 - 80 -80
18866 - 64 -80
18868 - 44 -80
18870 - 30 -80
18872 - 28 -80
18876 - 0 -80
18906 - 0 -58
18908 - 0 -40
18910 - 0 -28
18916 -
18920 B
18928 -
18968 A 80 80
18980 A 76 80
18982 A 52 80
18984 A 36 80
18986 A 28 80
18992 A 0 80
19030 A 0 72
19032 A 0 60
19034 A 0 50
19036 A 0 42
19038 A 0 36
19040 A 0 30
19042 A 0 28
19052 -
19056 A
19064 -
19104 - -28 -80
19112 - 0 -80
19126 - 0 -72
19128 - 0 -48
19130 - 0 -32
19132 - 0 -28
19136 -
19140 A
19148 -
19188 - 80 -80
19202 - 80 -74
19204 - 80 -50
19206 - 80 -34
19208 - 80 -28
19212 - 62 -28
19214 - 42 0
19216 - 28 0
19222 -
19226 A
19234 -
19274 - -80 32
19276 - -80 28
19280 - -80 0
19318 - -70 0
19320 - -46 0
19322 - -32 0
19324 - -28 0
19328 -
19332 A
19340 -
19380 A -80 80
19392 A -78 80
19394 A -54 80
19396 A -36 80
19398 A -28 80
19404 A 0 80
19410 A 0 78
19412 A 0 54
19414 A 0 36
19416 A 0 28
19422 -
19426 A
19434 -
19474 - 80 -80
19500 - 80 -76
19502 - 80 -52
19504 - 80 -36
19506 - 80 -28
19512 - 80 0
19532 - 74 0
19534 - 50 0
19536 - 34 0
19538 - 28 0
19544 -
19548 CL
19556 -
19596 A 80 -80
19598 A 62 -80
19600 A 42 -80
19602 A 28 -80
19606 A 28 -64
19608 A 0 -44
19610 A 0 -30
19612 A 0 -28
19616 -
19620 A
19628 -
19668 - 40 80
19694 -
19698 A
19706 -
19746 A -80 80
19774 -
19778 A
19786 -
19826 A -80 -28
19828 A -80 0
19858 A -76 0
19860 A -52 0
19862 A -36 0
19864 A -28 0
19870 -
19874 A
19882 -
19922 A 80 80
19936 A 72 80
19938 A 48 80
19940 A 40 80
19942 A 34 80
19944 A 30 80
19946 A 28 80
19956 A 0 80
20006 A 0 74
20008 A 0 50
20010 A 0 34
20012 A 0 28
20018 -
20022 A
20030 -
20070 - 80 -80
20078 - 80 -58
20080 - 80 -40
20082 - 80 -28
20092 - 80 0
20100 - 74 0
20102 - 62 0
20104 - 52 0
20106 - 44 0
20108 - 38 0
20110 - 32 0
20112 - 28 0
20124 -
20128 A
20136 -
20176 - 80 80
20180 - 80 68
20182 - 80 46
20184 - 80 32
20186 - 80 28
20190 - 76 0
20192 - 52 0
20194 - 36 0
20196 - 28 0
20226 -
20230 A
20238 -
20278 - -80 -80
20328 - -80 -76
20330 - -80 -64
20332 - -80 -54
20334 - -80 -46
20336 - -80 -40
20338 - -80 -34
20340 - -80 -30
20342 - -80 -28
20352 - -80 0
20376 - -62 0
20378 - -42 0
20380 - -28 0
20386 -
20390 A
20398 -
20438 - -80 -80
20454 - -80 -72
20456 - -80 -48
20458 - -80 -32
20460 - -80 -28
20464 - -80 0
20466 - -68 0
20468 - -46 0
20470 - -32 0
20472 - -28 0
20476 -
20480 A
20488 -
20528 A 80 80
20574 A 58 80
20576 A 40 80
20578 A 34 80
20580 A 30 80
20582 A 28 80
20588 A 0 80
20590 A 0 58
20592 A 0 40
20594 A 0 28
20600 -
20604 A
20612 -
20652 A 68 -80
20654 A 46 -80
20656 A 32 -80
20658 A 28 -80
20662 A 0 -80
20744 A 0 -72
20746 A 0 -48
20748 A 0 -32
20750 A 0 -28
20754 -
20758 A
20766 -
20806 - -80 80
20832 -
20836 A
20844 -
20884 - -80 80
20910 -
20914 A
20922 -
20962 - -80 80
20972 - -80 68
20974 - -80 46
20976 - -80 32
20978 - -80 28
20982 - -80 0
21004 - -60 0
21006 - -40 0
21008 - -28 0
21014 -
21018 CU
21026 -
21066 - 80 80
21074 - 80 60
21076 - 80 40
21078 - 80 28
21084 - 80 0
21162 - 74 0
21164 - 62 0
21166 - 52 0
21168 - 44 0
21170 - 38 0
21172 - 32 0
21174 - 28 0
21186 -
21190 CD
21198 -
21238 - 80 80
21250 - 74 80
21252 - 62 80
21254 - 52 80
21256 - 36 64
21258 - 28 44
21260 - 28 30
21262 - 28 28
21264 - 0 28
21266 -
21270 CL
21278 -
21318 - -80 -80
21356 - -80 -70
21358 - -80 -58
21360 - -80 -50
21362 - -80 -42
21364 - -80 -36
21366 - -80 -30
21368 - -80 -28
21372 - -80 0
21394 - -74 0
21396 - -50 0
21398 - -34 0
21400 - -28 0
21406 -
21410 R
21418 -
21458 A 80 80
21470 A 80 68
21472 A 80 46
21474 A 80 40
21476 A 80 34
21478 A 80 30
21480 A 80 28
21490 A 80 0
21540 A 70 0
21542 A 58 0
21544 A 50 0
21546 A 42 0
21548 A 36 0
21550 A 30 0
21552 A 28 0
21562 -
21566 A
21574 -
21614 - -80 80
21628 - -80 72
21630 - -80 60
21632 - -80 50
21634 - -80 42
21636 - -80 36
21638 - -80 30
21640 - -80 28
21650 - -80 0
21728 - -64 0
21730 - -44 0
21732 - -30 0
21734 - -28 0
21738 -
21742 A
21750 -
21790 A 80 -80
21832 A 80 -68
21834 A 80 -46
21836 A 80 -32
21838 A 80 -28
21840 A 70 -28
21842 A 46 0
21844 A 32 0
21846 A 28 0
21850 -
21854 R
21862 -
21902 - 28 80
21904 - 0 80
21926 - 0 64
21928 - 0 54
21930 - 0 46
21932 - 0 40
21934 - 0 34
21936 - 0 30
21938 - 0 28
21948 -
21952 A
21960 -
22000 A -80 80
22032 A -80 72
22034 A -80 60
22036 A -80 50
22038 A -80 42
22040 A -70 36
22042 A -58 30
22044 A -50 28
22046 A -42 28
22048 A -36 28
22050 A -30 28
22052 A -28 0
22056 -
22060 A
22068 -
22108 - -80 -80
22128 - -72 -80
22130 - -48 -80
22132 - -32 -80
22134 - -28 -70
22136 - -28 -46
22138 - 0 -32
22140 - 0 -28
22144 -
22148 A
22156 -
22196 - -80 80
22198 - -56 80
22200 - -38 80
22202 - -28 80
22208 - 0 70
22210 - 0 46
22212 - 0 32
22214 - 0 28
22218 -
22222 A
22230 -
22270 A 80 80
22274 A 80 76
22276 A 80 52
22278 A 80 36
22280 A 80 28
22286 A 80 0
22380 A 78 0
22382 A 66 0
22384 A 56 0
22386 A 48 0
22388 A 40 0
22390 A 34 0
22392 A 30 0
22394 A 28 0
22404 -
22408 A
22416 -
22456 A 28 -80
22462 A 0 -80
22518 A 0 -66
22520 A 0 -44
22522 A 0 -30
22524 A 0 -28
22528 -
22532 A
22540 -
22580 - -80 44
22606 -
22610 A
22618 -
22658 A -80 80
22686 -
22690 A
22698 -
22738 A -80 80
22766 -
22770 A
22778 -
22818 A -80 80
22820 A -80 64
22822 A -80 44
22824 A -80 30
22826 A -80 28
22830 A -80 0
22872 A -68 0
22874 A -46 0
22876 A -32 0
22878 A -28 0
22882 -
22886 CU
22894 -
22934 - -28 80
22940 - 0 80
22946 - 0 66
22948 - 0 44
22950 - 0 30
22952 - 0 28
22956 -
22960 A
22968 -
23008 A 80 -80
23022 A 80 -58
23024 A 80 -40
23026 A 80 -28
23032 A 80 0
23066 A 72 0
23068 A 48 0
23070 A 32 0
23072 A 28 0
23076 -
23080 A
23088 -
23128 - 80 80
23130 - 74 80
23132 - 50 80
23134 - 34 80
23136 - 28 80
23142 - 0 80
23148 - 0 70
23150 - 0 46
23152 - 0 32
23154 - 0 28
23158 -
23162 A
23170 -
23210 A -80 -80
23238 A -80 -60
23240 A -80 -40
23242 A -80 -28
23248 A -80 0
23294 A -64 0
23296 A -44 0
23298 A -30 0
23300 A -28 0
23304 -
23308 A
23316 -
23356 - 80 80
23370 - 80 76
23372 - 80 52
23374 - 80 36
23376 - 80 28
23382 - 80 0
23396 - 78 0
23398 - 66 0
23400 - 56 0
23402 - 48 0
23404 - 40 0
23406 - 34 0
23408 - 30 0
23410 - 28 0
23420 -
23424 CR
23432 -
23472 - 80 80
23474 - 80 72
23476 - 80 60
23478 - 80 50
23480 - 80 42
23482 - 80 36
23484 - 80 30
23486 - 80 28
23496 - 80 0
23504 - 72 0
23506 - 60 0
23508 - 50 0
23510 - 42 0
23512 - 36 0
23514 - 30 0
23516 - 28 0
23526 -
23530 Z
23538 -
23578 A -80 -54
23580 A -80 -46
23582 A -80 -40
23584 A -80 -34
23586 A -80 -30
23588 A -80 -28
23598 A -80 0
23678 A -78 0
23680 A -54 0
23682 A -36 0
23684 A -28 0
23690 -
23694 A
23702 -
23742 - 80 -80
23766 - 80 -58
23768 - 80 -40
23770 - 80 -28
23776 - 80 0
23788 - 72 0
23790 - 48 0
23792 - 32 0
23794 - 28 0
23798 -
23802 A
23810 -
23850 A -80 0
23894 A -78 0
23896 A -54 0
23898 A -36 0
23900 A -28 0
23906 -
23910 A
23918 -
23958 A 80 80
23972 A 80 78
23974 A 80 54
23976 A 80 36
23978 A 80 28
23984 A 80 0
24036 A 68 0
24038 A 58 0
24040 A 50 0
24042 A 42 0
24044 A 36 0
24046 A 30 0
24048 A 28 0
24058 -
24062 CD
24070 -
24110 - -80 80
24156 - -80 58
24158 - -80 40
24160 - -80 28
24166 - -80 0
24186 - -60 0
24188 - -40 0
24190 - -28 0
24196 -
24200 L
24208 -
24248 A 80 -80
24266 A 58 -64
24268 A 40 -44
24270 A 28 -30
24272 A 28 -28
24276 -
24280 CL
24288 -
24328 - 80 -80
24372 - 80 -78
24374 - 80 -54
24376 - 80 -36
24378 - 80 -28
24384 - 80 0
24396 - 68 0
24398 - 46 0
24400 - 32 0
24402 - 28 0
24406 -
24410 A
24418 -
24458 A -80 80
24502 A -80 78
24504 A -80 66
24506 A -80 56
24508 A -80 48
24510 A -80 40
24512 A -80 34
24514 A -80 30
24516 A -80 28
24526 A -80 0
24570 A -64 0
24572 A -44 0
24574 A -30 0
24576 A -28 0
24580 -
24584 A
24592 -
24632 A 0 80
24636 A 0 78
24638 A 0 54
24640 A 0 36
24642 A 0 28
24648 -
24652 A
24660 -
24700 A -80 -80
24704 A -72 -80
24706 A -48 -80
24708 A -32 -80
24710 A -28 -80
24714 A 0 -80
24732 A 0 -76
24734 A 0 -52
24736 A 0 -36
24738 A 0 -28
24744 -
24748 A
24756 -
24796 - 80 80
24800 - 80 66
24802 - 80 44
24804 - 80 30
24806 - 80 28
24810 - 80 0
24836 - 76 0
24838 - 52 0
24840 - 36 0
24842 - 28 0
24848 -
24852 A
24860 -
24900 - 80 58
24902 - 80 50
24904 - 80 42
24906 - 80 36
24908 - 80 30
24910 - 80 28
24920 - 80 0
24966 - 76 0
24968 - 64 0
24970 - 54 0
24972 - 46 0
24974 - 40 0
24976 - 34 0
24978 - 30 0
24980 - 28 0
24990 -
24994 A
25002 -
25042 A -80 80
25094 A -80 76
25096 A -80 64
25098 A -80 54
25100 A -80 46
25102 A -80 40
25104 A -80 28
25110 A -80 0
25132 A -74 0
25134 A -50 0
25136 A -34 0
25138 A -28 0
25144 -
25148 A
25156 -
25196 - 80 80
25200 - 80 60
25202 - 80 40
25204 - 80 28
25210 - 80 0
25232 - 72 0
25234 - 48 0
25236 - 32 0
25238 - 28 0
25242 -
25246 A
25254 -
25294 A 80 -80
25320 A 72 -80
25322 A 60 -80
25324 A 50 -80
25326 A 42 -80
25328 A 36 -80
25330 A 30 -80
25332 A 28 -80
25342 A 0 -80
25388 A 0 -58
25390 A 0 -40
25392 A 0 -28
25398 -
25402 A
25410 -
25450 A -80 80
25474 -
25478 L
25486 -
26826 START
26834 -
26872 - -80 0
26880 -
26904 - -80 0
26912 -
26936 - -80 0
26944 -
26980 A
26988 -
27106 A
27114 -
27300 A -80 80
27306 A -70 80
27308 A -46 80
27310 A -32 80
27312 A -28 80
27316 A 0 80
27334 A 0 66
27336 A 0 44
27338 A 0 30
27340 A 0 28
27344 -
27348 A
27356 -
27396 A 0 -80
27442 A 0 -74
27444 A 0 -50
27446 A 0 -34
27448 A 0 -28
27454 -
27458 A
27466 -
27506 A 80 80
27514 A 80 76
27516 A 80 52
27518 A 80 36
27520 A 80 28
27526 A 80 0
27570 A 72 0
27572 A 60 0
27574 A 50 0
27576 A 42 0
27578 A 36 0
27580 A 30 0
27582 A 28 0
27592 -
27596 A
27604 -
27644 A -80 -80
27676 A -80 -60
27678 A -72 -40
27680 A -48 -28
27682 A -32 -28
27684 A -28 -28
27686 A -28 0
27688 -
27692 Z
27700 -
27740 - 80 80
27748 - 80 56
27750 - 80 38
27752 - 80 28
27756 - 60 28
27758 - 40 0
27760 - 28 0
27766 -
27770 A
27778 -
27818 A -80 78
27820 A -80 54
27822 A -80 36
27824 A -80 30
27826 A -80 28
27836 A -80 0
27890 A -72 0
27892 A -48 0
27894 A -32 0
27896 A -28 0
27900 -
27904 A
27912 -
27952 A 80 80
27972 A 80 74
27974 A 80 50
27976 A 80 34
27978 A 80 28
27984 A 80 0
27988 A 68 0
27990 A 46 0
27992 A 32 0
27994 A 28 0
27998 -
28002 A
28010 -
28050 A 80 -80
28100 A 80 -68
28102 A 80 -46
28104 A 80 -32
28106 A 80 -28
28110 A 76 0
28112 A 52 0
28114 A 36 0
28116 A 28 0
28122 -
28126 A
28134 -
28174 A 70 80
28176 A 46 56
28178 A 32 38
28180 A 28 28
28184 A 0 28
28186 -
28190 A
28198 -
28238 A -80 80
28244 A -80 72
28246 A -80 60
28248 A -80 50
28250 A -80 42
28252 A -80 36
28254 A -80 30
28256 A -80 28
28266 A -80 0
28288 A -68 0
28290 A -58 0
28292 A -50 0
28294 A -42 0
28296 A -36 0
28298 A -30 0
28300 A -28 0
28310 -
28314 A
28322 -
28362 - -80 -80
28388 - -64 -80
28390 - -44 -80
28392 - -30 -80
28394 - -28 -78
28396 - -28 -54
28398 - 0 -36
28400 - 0 -28
28406 -
28410 A
28418 -
28458 A 80 80
28476 A 70 80
28478 A 58 80
28480 A 50 80
28482 A 42 80
28484 A 36 80
28486 A 30 80
28488 A 28 80
28498 A 0 80
28532 A 0 70
28534 A 0 46
28536 A 0 32
28538 A 0 28
28542 -
28546 A
28554 -
28594 A 80 -80
28618 A 76 -80
28620 A 64 -80
28622 A 54 -80
28624 A 46 -80
28626 A 40 -80
28628 A 34 -76
28630 A 30 -64
28632 A 28 -54
28634 A 28 -46
28636 A 28 -40
28638 A 28 -34
28640 A 28 -30
28642 A 0 -28
28652 -
28656 A
28664 -
28704 - -80 0
28736 - -70 0
28738 - -58 0
28740 - -50 0
28742 - -42 0
28744 - -36 0
28746 - -30 0
28748 - -28 0
28758 -
28762 L
28770 -
28810 A 80 80
28814 A 80 78
28816 A 80 66
28818 A 80 56
28820 A 80 48
28822 A 80 40
28824 A 80 34
28826 A 80 30
28828 A 80 28
28838 A 80 0
28854 A 72 0
28856 A 60 0
28858 A 50 0
28860 A 42 0
28862 A 28 0
28868 -
28872 A
28880 -
28920 A -80 -56
28922 A -80 -38
28924 A -80 -32
28926 A -80 -28
28938 A -80 0
29022 A -72 0
29024 A -48 0
29026 A -32 0
29028 A -28 0
29032 -
29036 A
29044 -
29084 A -28 0
29086 -
29090 A
29098 -
29138 - 80 80
29142 - 80 60
29144 - 80 40
29146 - 80 28
29152 - 80 0
29184 - 78 0
29186 - 66 0
29188 - 56 0
29190 - 48 0
29192 - 40 0
29194 - 34 0
29196 - 30 0
29198 - 28 0
29208 -
29212 CR
29220 -
29260 A -80 -80
29280 A -68 -80
29282 A -58 -80
29284 A -50 -80
29286 A -42 -80
29288 A -36 -80
29290 A -30 -80
29292 A -28 -80
29302 A 0 -80
29306 A 0 -72
29308 A 0 -48
29310 A 0 -32
29312 A 0 -28
29316 -
29320 A
29328 -
29368 A -80 80
29380 A -80 68
29382 A -58 46
29384 A -40 32
29386 A -28 28
29390 A -28 0
29392 -
29396 A
29404 -
29444 - 80 80
29450 - 80 68
29452 - 80 46
29454 - 80 32
29456 - 80 28
29464 - 80 0
29470 - 76 0
29472 - 64 0
29474 - 54 0
29476 - 46 0
29478 - 40 0
29480 - 34 0
29482 - 30 0
29484 - 28 0
29494 -
29498 A
29506 -
29546 - -80 -80
29584 - -72 -80
29586 - -48 -80
29588 - -32 -68
29590 - -28 -46
29592 - -28 -32
29594 - 0 -28
29598 -
29602 A
29610 -
29650 - -80 80
29662 - -62 76
29664 - -42 52
29666 - -28 36
29668 - -28 28
29672 - 0 28
29674 -
29678 A
29686 -
29726 - 80 80
29728 - 80 60
29730 - 80 40
29732 - 80 28
29738 - 80 0
29746 - 74 0
29748 - 50 0
29750 - 34 0
29752 - 28 0
29758 -
29762 A
29770 -
29810 A 80 80
29824 A 78 80
29826 A 66 80
29828 A 56 80
29830 A 48 80
29832 A 40 80
29834 A 34 80
29836 A 30 80
29838 A 28 80
29844 A 0 80
29850 A 0 68
29852 A 0 46
29854 A 0 32
29856 A 0 28
29860 -
29864 A
29872 -
29912 A -80 28
29918 A -80 0
29956 A -70 0
29958 A -46 0
29960 A -32 0
29962 A -28 0
29966 -
29970 A
29978 -
30018 - -80 -80
30020 - -76 -80
30022 - -52 -80
30024 - -36 -80
30026 - -28 -80
30032 - 0 -80
30052 - 0 -72
30054 - 0 -48
30056 - 0 -32
30058 - 0 -28
30062 -
30066 A
30074 -
30114 - 80 -80
30132 - 80 -56
30134 - 80 -38
30136 - 80 -28
30142 - 80 0
30146 - 58 0
30148 - 40 0
30150 - 28 0
30156 -
30160 A
30168 -
30208 - 80 -42
30210 - 80 -28
30216 - 72 0
30218 - 48 0
30220 - 32 0
30222 - 28 0
30226 -
30230 A
30238 -
30278 - 80 80
30298 - 80 78
30300 - 80 66
30302 - 80 56
30304 - 80 48
30306 - 80 40
30308 - 80 34
30310 - 68 30
30312 - 58 28
30314 - 50 28
30316 - 42 28
30318 - 36 28
30320 - 30 28
30322 - 28 0
30332 -
30336 A
30344 -
30384 A -80 -80
30390 A -80 -68
30392 A -80 -58
30394 A -80 -50
30396 A -80 -42
30398 A -80 -36
30400 A -80 -30
30402 A -80 -28
30408 A -80 0
30434 A -60 0
30436 A -40 0
30438 A -28 0
30444 -
30448 A
30456 -
30496 A 80 -80
30510 A 80 -68
30512 A 80 -46
30514 A 80 -32
30516 A 80 -28
30518 A 56 -28
30520 A 38 0
30522 A 28 0
30528 -
30532 A
30540 -
30580 - -80 80
30600 - -58 80
30602 - -40 80
30604 - -28 80
30610 - 0 80
30624 - 0 72
30626 - 0 48
30628 - 0 32
30630 - 0 28
30634 -
30638 A
30646 -
30686 A 80 -80
30688 A 56 -80
30690 A 38 -80
30692 A 28 -80
30698 A 0 -80
30712 A 0 -68
30714 A 0 -46
30716 A 0 -32
30718 A 0 -28
30722 -
30726 Z
30734 -
30774 A 80 -80
30784 A 80 -70
30786 A 80 -46
30788 A 80 -32
30790 A 80 -28
30792 A 72 -28
30794 A 48 0
30796 A 32 0
30798 A 28 0
30802 -
30806 A
30814 -
30854 A -80 80
30856 A -80 62
30858 A -80 42
30860 A -80 28
30866 A -80 0
30886 A -72 0
30888 A -48 0
30890 A -32 0
30892 A -28 0
30896 -
30900 A
30908 -
30948 - 0 80
30960 - 0 56
30962 - 0 38
30964 - 0 28
30970 -
30974 CD
30982 -
31022 A 56 -80
31024 A 38 -80
31026 A 28 -80
31032 A 0 -80
31034 A 0 -70
31036 A 0 -46
31038 A 0 -32
31040 A 0 -28
31044 -
31048 A
31056 -
31096 - 80 -80
31098 - 80 -58
31100 - 80 -40
31102 - 80 -28
31108 - 80 0
31132 - 74 0
31134 - 50 0
31136 - 34 0
31138 - 28 0
31144 -
31148 A
31156 -
31196 - -80 80
31222 -
31226 A
31234 -
31274 A -80 80
31302 -
31306 A
31314 -
