# Paint shop, car 1: the cursor walked at random over the screen (seed 1), half the moves drawn with A held, A pressed at every stop and B, Z, L, R or a C button now and then; left and re-entered when a press leaves the shop.
#
# Written by n64/tools/n64drive.py (plan 'paint_walk'); the driver saw:
#   TOP GEAR RALLY: row 4
#   TOP GEAR RALLY: row 4
#   paint shop: 176 random moves (seed 1), left and re-entered 1 times
frames 21217
0 -
80 A
88 -
294 START
302 -
456 - -80 0
464 -
488 - -80 0
496 -
520 - -80 0
528 -
564 A
572 -
850 A
858 -
1164 - -80 -80
1166 - -80 -62
1168 - -80 -42
1170 - -80 -28
1172 - -70 -28
1174 - -46 -28
1176 - -32 0
1178 - -28 0
1182 -
1186 CR
1194 -
1234 - -48 72
1236 - -32 48
1238 - -28 32
1240 - -28 28
1242 - 0 28
1244 -
1248 A
1256 -
1296 A 80 -80
1314 A 80 -78
1316 A 80 -54
1318 A 80 -36
1320 A 80 -28
1326 A 80 0
1334 A 74 0
1336 A 50 0
1338 A 34 0
1340 A 28 0
1346 -
1350 A
1358 -
1398 - 28 80
1402 - 0 80
1424 - 0 76
1426 - 0 64
1428 - 0 54
1430 - 0 46
1432 - 0 40
1434 - 0 34
1436 - 0 30
1438 - 0 28
1448 -
1452 B
1460 -
1500 - -80 -80
1526 - -56 -80
1528 - -38 -74
1530 - -28 -50
1532 - -28 -34
1534 - -28 -28
1536 - 0 -28
1540 -
1544 A
1552 -
1592 A -80 80
1614 A -74 80
1616 A -50 80
1618 A -34 80
1620 A -28 78
1622 A -28 54
1624 A -28 36
1626 A 0 28
1632 -
1636 A
1644 -
1684 - 80 80
1704 - 80 76
1706 - 80 52
1708 - 80 36
1710 - 80 28
1716 - 80 0
1754 - 60 0
1756 - 40 0
1758 - 28 0
1764 -
1768 A
1776 -
1816 - -80 -80
1854 - -80 -76
1856 - -80 -64
1858 - -80 -54
1860 - -80 -46
1862 - -80 -40
1864 - -80 -34
1866 - -80 -30
1868 - -80 -28
1878 - -80 0
1890 - -62 0
1892 - -42 0
1894 - -28 0
1900 -
1904 A
1912 -
1952 - 80 -80
1954 - 80 -56
1956 - 80 -38
1958 - 80 -28
1964 - 80 0
2002 - 78 0
2004 - 66 0
2006 - 56 0
2008 - 48 0
2010 - 40 0
2012 - 34 0
2014 - 30 0
2016 - 28 0
2026 -
2030 A
2038 -
2078 A -80 -80
2100 A -80 -74
2102 A -80 -50
2104 A -80 -34
2106 A -80 -28
2112 A -80 0
2114 A -70 0
2116 A -46 0
2118 A -32 0
2120 A -28 0
2124 -
2128 A
2136 -
2176 - -80 80
2200 - -80 64
2202 - -80 44
2204 - -74 30
2206 - -50 28
2208 - -34 28
2210 - -28 0
2216 -
2220 A
2228 -
2268 - 80 80
2276 - 64 80
2278 - 44 80
2280 - 30 80
2282 - 28 72
2284 - 28 48
2286 - 0 32
2288 - 0 28
2292 -
2296 A
2304 -
2344 - 80 74
2346 - 80 50
2348 - 80 34
2350 - 80 28
2356 - 80 0
2372 - 70 0
2374 - 46 0
2376 - 32 0
2378 - 28 0
2382 -
2386 R
2394 -
2434 - 80 -80
2486 - 78 -80
2488 - 66 -80
2490 - 56 -80
2492 - 48 -80
2494 - 40 -80
2496 - 34 -80
2498 - 30 -80
2500 - 28 -80
2508 - 0 -80
2520 - 0 -78
2522 - 0 -54
2524 - 0 -36
2526 - 0 -28
2532 -
2536 A
2544 -
2584 - -80 80
2610 -
2614 A
2622 -
3972 START
3980 -
4018 - -80 0
4026 -
4050 - -80 0
4058 -
4082 - -80 0
4090 -
4126 A
4134 -
4252 A
4260 -
4446 - 80 80
4448 - 80 70
4450 - 80 46
4452 - 80 32
4454 - 80 28
4460 - 80 0
4520 - 78 0
4522 - 66 0
4524 - 56 0
4526 - 48 0
4528 - 40 0
4530 - 34 0
4532 - 30 0
4534 - 28 0
4544 -
4548 A
4556 -
4596 - -80 -80
4632 - -80 -76
4634 - -80 -52
4636 - -80 -36
4638 - -80 -28
4644 - -80 0
4648 - -64 0
4650 - -44 0
4652 - -30 0
4654 - -28 0
4658 -
4662 A
4670 -
4710 - -80 80
4716 - -74 80
4718 - -50 80
4720 - -34 80
4722 - -28 80
4728 - 0 80
4736 - 0 74
4738 - 0 50
4740 - 0 34
4742 - 0 28
4748 -
4752 A
4760 -
4800 A 80 80
4818 A 80 70
4820 A 80 46
4822 A 80 32
4824 A 80 28
4828 A 76 0
4830 A 52 0
4832 A 36 0
4834 A 28 0
4840 -
4844 A
4852 -
4892 - -80 -80
4924 - -72 -66
4926 - -48 -44
4928 - -32 -30
4930 - -28 -28
4934 -
4938 A
4946 -
4986 A -80 48
4988 A -80 32
4990 A -80 28
4994 A -80 0
5004 A -64 0
5006 A -44 0
5008 A -30 0
5010 A -28 0
5014 -
5018 A
5026 -
5066 A 80 -80
5076 A 80 -56
5078 A 80 -38
5080 A 80 -28
5086 A 80 0
5122 A 70 0
5124 A 46 0
5126 A 32 0
5128 A 28 0
5132 -
5136 A
5144 -
5184 A -80 -80
5190 A -80 -56
5192 A -80 -38
5194 A -80 -28
5200 A -80 0
5244 A -56 0
5246 A -38 0
5248 A -28 0
5254 -
5258 CL
5266 -
5306 A 80 80
5322 A 80 68
5324 A 80 46
5326 A 80 32
5328 A 80 28
5332 A 80 0
5368 A 66 0
5370 A 44 0
5372 A 30 0
5374 A 28 0
5378 -
5382 L
5390 -
5430 - 80 80
5436 - 68 80
5438 - 58 80
5440 - 50 80
5442 - 42 80
5444 - 36 80
5446 - 30 80
5448 - 28 80
5458 - 0 78
5460 - 0 66
5462 - 0 56
5464 - 0 48
5466 - 0 40
5468 - 0 34
5470 - 0 30
5472 - 0 28
5482 -
5486 A
5494 -
5534 - -80 -80
5540 - -80 -76
5542 - -80 -64
5544 - -80 -54
5546 - -80 -46
5548 - -80 -40
5550 - -80 -34
5552 - -80 -30
5554 - -80 -28
5564 - -80 0
5636 - -60 0
5638 - -40 0
5640 - -28 0
5646 -
5650 CD
5658 -
5698 - 80 -80
5726 - 80 -66
5728 - 80 -44
5730 - 80 -30
5732 - 80 -28
5736 - 80 0
5780 - 64 0
5782 - 44 0
5784 - 30 0
5786 - 28 0
5790 -
5794 A
5802 -
5842 - -80 80
5868 -
5872 A
5880 -
5920 A -80 80
5948 -
5952 R
5960 -
6000 - -80 80
6026 -
6030 A
6038 -
6078 - -80 80
6098 - -80 60
6100 - -80 50
6102 - -80 42
6104 - -80 36
6106 - -68 30
6108 - -58 28
6110 - -50 28
6112 - -42 28
6114 - -36 28
6116 - -30 28
6118 - -28 0
6128 -
6132 CD
6140 -
6180 A 80 -80
6188 A 80 -68
6190 A 80 -46
6192 A 80 -32
6194 A 80 -28
6198 A 80 0
6216 A 58 0
6218 A 40 0
6220 A 28 0
6226 -
6230 A
6238 -
6278 - 0 -80
6292 - 0 -56
6294 - 0 -38
6296 - 0 -28
6302 -
6306 Z
6314 -
6354 - -80 80
6430 - -80 58
6432 - -80 40
6434 - -80 28
6440 - -80 0
6450 - -78 0
6452 - -54 0
6454 - -36 0
6456 - -28 0
6462 -
6466 A
6474 -
6514 A 80 -80
6522 A 80 -70
6524 A 80 -46
6526 A 80 -32
6528 A 80 -28
6532 A 80 0
6544 A 70 0
6546 A 46 0
6548 A 32 0
6550 A 28 0
6554 -
6558 CD
6566 -
6606 A 80 -40
6608 A 80 -34
6610 A 80 -30
6612 A 80 -28
6614 A 76 -28
6616 A 64 -28
6618 A 54 -28
6620 A 46 -28
6622 A 40 0
6624 A 34 0
6626 A 30 0
6628 A 28 0
6638 -
6642 A
6650 -
6690 - 80 80
6698 - 80 70
6700 - 80 58
6702 - 80 50
6704 - 80 42
6706 - 80 36
6708 - 80 30
6710 - 80 28
6716 - 80 0
6726 - 70 0
6728 - 46 0
6730 - 32 0
6732 - 28 0
6736 -
6740 A
6748 -
6788 - -80 -80
6820 - -80 -74
6822 - -80 -62
6824 - -80 -52
6826 - -80 -44
6828 - -80 -38
6830 - -80 -32
6832 - -80 -28
6844 - -80 0
6850 - -76 0
6852 - -64 0
6854 - -54 0
6856 - -46 0
6858 - -40 0
6860 - -34 0
6862 - -30 0
6864 - -28 0
6874 -
6878 A
6886 -
6926 A -80 80
6954 A -76 80
6956 A -52 80
6958 A -36 76
6960 A -28 52
6962 A -28 36
6964 A -28 28
6966 A 0 28
6970 -
6974 A
6982 -
7022 A 80 -80
7030 A 56 -80
7032 A 38 -80
7034 A 28 -80
7036 A 28 -72
7038 A 28 -48
7040 A 0 -32
7042 A 0 -28
7046 -
7050 CL
7058 -
7098 - 80 -80
7146 - 78 -80
7148 - 54 -80
7150 - 36 -80
7152 - 28 -80
7154 - 28 -62
7156 - 28 -42
7158 - 0 -28
7164 -
7168 A
7176 -
7216 A -72 80
7218 A -48 80
7220 A -32 80
7222 A -28 80
7226 A 0 80
7298 A 0 72
7300 A 0 60
7302 A 0 50
7304 A 0 34
7306 A 0 28
7312 -
7316 B
7324 -
7364 A 80 -80
7382 A 74 -80
7384 A 62 -80
7386 A 52 -80
7388 A 44 -80
7390 A 38 -80
7392 A 32 -80
7394 A 28 -80
7406 A 0 -80
7436 A 0 -66
7438 A 0 -44
7440 A 0 -30
7442 A 0 -28
7446 -
7450 B
7458 -
7498 - -80 80
7506 - -80 58
7508 - -80 50
7510 - -80 42
7512 - -80 36
7514 - -80 30
7516 - -80 28
7526 - -80 0
7570 - -72 0
7572 - -48 0
7574 - -32 0
7576 - -28 0
7580 -
7584 A
7592 -
7632 A 80 -80
7650 A 80 -64
7652 A 80 -44
7654 A 80 -30
7656 A 80 -28
7660 A 80 0
7686 A 68 0
7688 A 46 0
7690 A 32 0
7692 A 28 0
7722 -
7726 A
7734 -
7774 A -80 64
7776 A -80 44
7778 A -80 30
7804 -
7808 Z
7816 -
7856 - -80 80
7882 -
7886 A
7894 -
7934 A -80 28
7962 -
7966 A
7974 -
8014 - -80 80
8098 - -80 72
8100 - -80 48
8102 - -80 32
8104 - -76 28
8106 - -52 28
8108 - -36 0
8110 - -28 0
8116 -
8120 CL
8128 -
8168 A 80 -80
8206 A 80 -72
8208 A 80 -60
8210 A 80 -50
8212 A 80 -42
8214 A 80 -36
8216 A 80 -30
8218 A 80 -28
8228 A 80 0
8280 A 68 0
8282 A 46 0
8284 A 32 0
8286 A 28 0
8290 -
8294 Z
8302 -
8342 A -80 80
8370 A -80 68
8372 A -80 58
8374 A -80 50
8376 A -80 42
8378 A -80 36
8380 A -80 30
8382 A -80 28
8388 A -74 28
8390 A -62 28
8392 A -52 0
8394 A -44 0
8396 A -38 0
8398 A -32 0
8400 A -28 0
8412 -
8416 A
8424 -
8464 A 80 -80
8470 A 72 -80
8472 A 60 -80
8474 A 50 -80
8476 A 42 -80
8478 A 36 -80
8480 A 30 -80
8482 A 28 -80
8492 A 0 -80
8518 A 0 -70
8520 A 0 -58
8522 A 0 -50
8524 A 0 -42
8526 A 0 -36
8528 A 0 -30
8530 A 0 -28
8540 -
8544 A
8552 -
8592 - -80 80
8594 - -70 80
8596 - -58 80
8598 - -50 80
8600 - -42 80
8602 - -36 80
8604 - -30 80
8606 - -28 80
8616 - 0 80
8630 - 0 68
8632 - 0 58
8634 - 0 50
8636 - 0 42
8638 - 0 36
8640 - 0 30
8642 - 0 28
8652 -
8656 A
8664 -
8704 A 28 28
8710 A 0 28
8712 -
8716 A
8724 -
8764 - -80 -80
8776 - -74 -80
8778 - -62 -80
8780 - -52 -80
8782 - -44 -80
8784 - -38 -80
8786 - -32 -80
8788 - -28 -80
8800 - 0 -80
8830 - 0 -58
8832 - 0 -40
8834 - 0 -28
8840 -
8844 L
8852 -
8892 A 80 80
8920 -
8924 A
8932 -
8972 A 78 80
8976 A 54 80
8978 A 36 80
8980 A 28 80
8986 A 0 80
8988 A 0 74
8990 A 0 50
8992 A 0 34
8994 A 0 30
8996 A 0 28
9006 -
9010 B
9018 -
9058 A 80 80
9098 A 74 80
9100 A 62 74
9102 A 52 62
9104 A 44 52
9106 A 38 44
9108 A 32 38
9110 A 28 32
9112 A 28 28
9122 A 0 28
9124 -
9128 A
9136 -
9176 A -80 72
9178 A -80 60
9180 A -80 50
9182 A -80 42
9184 A -80 36
9186 A -80 30
9188 A -80 28
9194 A -80 0
9244 A -70 0
9246 A -46 0
9248 A -32 0
9250 A -28 0
9254 -
9258 A
9266 -
9306 A 80 -80
9322 A 78 -80
9324 A 54 -80
9326 A 36 -80
9328 A 28 -80
9334 A 0 -80
9350 A 0 -74
9352 A 0 -50
9354 A 0 -34
9356 A 0 -28
9362 -
9366 A
9374 -
9414 A -28 80
9420 A 0 80
9442 A 0 64
9444 A 0 44
9446 A 0 30
9448 A 0 28
9452 -
9456 A
9464 -
9504 - -44 -80
9506 - -30 -80
9508 - -28 -80
9512 - 0 -80
9518 - 0 -70
9520 - 0 -46
9522 - 0 -32
9524 - 0 -28
9528 -
9532 A
9540 -
9580 - 80 80
9638 - 80 78
9640 - 80 66
9642 - 80 56
9644 - 60 38
9646 - 40 28
9648 - 28 28
9652 - 28 0
9654 -
9658 L
9666 -
9706 A -80 -80
9734 A -80 -72
9736 A -80 -60
9738 A -80 -50
9740 A -80 -42
9742 A -80 -36
9744 A -80 -30
9746 A -80 -28
9756 A -80 0
9806 A -64 0
9808 A -44 0
9810 A -30 0
9812 A -28 0
9816 -
9820 CD
9828 -
9868 A 80 70
9870 A 80 46
9872 A 80 32
9874 A 80 28
9876 A 76 28
9878 A 52 0
9880 A 36 0
9882 A 28 0
9888 -
9892 A
9900 -
9940 - 80 80
9958 - 80 60
9960 - 80 40
9962 - 80 28
9968 - 80 0
9978 - 62 0
9980 - 42 0
9982 - 28 0
9988 -
9992 A
10000 -
10040 A -80 -80
10050 A -80 -70
10052 A -80 -46
10054 A -80 -32
10056 A -80 -28
10060 A -80 0
10084 A -76 0
10086 A -52 0
10088 A -36 0
10090 A -28 0
10096 -
10100 A
10108 -
10148 A 80 80
10154 A 80 78
10156 A 80 54
10158 A 80 36
10160 A 80 28
10166 A 80 0
10220 A 64 0
10222 A 44 0
10224 A 30 0
10226 A 28 0
10230 -
10234 A
10242 -
10282 A -80 -80
10370 A -80 -70
10372 A -80 -46
10374 A -80 -32
10376 A -80 -28
10380 A -80 0
10392 A -74 0
10394 A -50 0
10396 A -34 0
10398 A -28 0
10404 -
10408 A
10416 -
10456 A -64 80
10458 A -44 80
10460 A -30 80
10462 A -28 80
10466 A 0 80
10512 A 0 76
10514 A 0 52
10516 A 0 36
10518 A 0 28
10524 -
10528 Z
10536 -
10576 - 80 -80
10584 - 80 -56
10586 - 80 -38
10588 - 80 -28
10594 - 80 0
10600 - 64 0
10602 - 44 0
10604 - 30 0
10606 - 28 0
10610 -
10614 A
10622 -
10662 A -50 80
10664 A -34 80
10666 A -28 76
10668 A -28 52
10670 A -28 36
10672 A 0 28
10678 -
10682 A
10690 -
10730 - 0 -80
10778 - 0 -66
10780 - 0 -44
10782 - 0 -30
10784 - 0 -28
10788 -
10792 A
10800 -
10840 - 80 -68
10842 - 80 -46
10844 - 80 -32
10846 - 80 -28
10850 - 80 0
10872 - 60 0
10874 - 40 0
10876 - 28 0
10882 -
10886 CR
10894 -
10934 - 80 80
10960 - 72 80
10962 - 60 80
10964 - 50 80
10966 - 42 80
10968 - 36 80
10970 - 30 80
10972 - 28 80
10978 - 0 80
10984 - 0 56
10986 - 0 38
10988 - 0 28
10994 -
10998 A
11006 -
11046 A -80 -80
11100 A -80 -70
11102 A -80 -58
11104 A -80 -40
11106 A -80 -28
11112 A -80 0
11124 A -76 0
11126 A -52 0
11128 A -36 0
11130 A -28 0
11136 -
11140 A
11148 -
11188 - 80 -80
11190 - 80 -56
11192 - 80 -38
11194 - 80 -28
11198 - 60 -28
11200 - 40 0
11202 - 28 0
11208 -
11212 A
11220 -
11260 A 40 80
11262 A 28 80
11268 A 0 80
11292 A 0 68
11294 A 0 58
11296 A 0 50
11298 A 0 42
11300 A 0 36
11302 A 0 30
11304 A 0 28
11314 -
11318 B
11326 -
11366 A -80 80
11378 A -80 62
11380 A -80 42
11382 A -80 28
11388 A -80 0
11400 A -60 0
11402 A -40 0
11404 A -28 0
11410 -
11414 A
11422 -
11462 A 80 -80
11496 A 80 -72
11498 A 80 -60
11500 A 80 -50
11502 A 80 -42
11504 A 80 -28
11510 A 80 0
11534 A 74 0
11536 A 50 0
11538 A 34 0
11540 A 28 0
11546 -
11550 A
11558 -
11598 A -80 80
11606 A -80 74
11608 A -80 62
11610 A -80 52
11612 A -80 44
11614 A -80 38
11616 A -80 32
11618 A -80 28
11630 A -80 0
11694 A -64 0
11696 A -44 0
11698 A -30 0
11700 A -28 0
11704 -
11708 A
11716 -
11756 - 80 80
11786 - 72 80
11788 - 60 80
11790 - 50 80
11792 - 42 80
11794 - 36 80
11796 - 30 80
11798 - 28 80
11808 - 0 68
11810 - 0 58
11812 - 0 40
11814 - 0 28
11820 -
11824 A
11832 -
11872 - 80 0
11882 - 64 0
11884 - 44 0
11886 - 30 0
11888 - 28 0
11892 -
11896 A
11904 -
11944 - -80 -80
11978 - -80 -72
11980 - -80 -60
11982 - -80 -50
11984 - -80 -42
11986 - -80 -36
11988 - -80 -30
11990 - -80 -28
11996 - -80 0
11998 - -64 0
12000 - -44 0
12002 - -30 0
12004 - -28 0
12008 -
12012 A
12020 -
12060 - -80 68
12062 - -62 46
12064 - -42 32
12066 - -28 28
12070 - -28 0
12072 -
12076 A
12084 -
12124 A 80 80
12126 A 80 56
12128 A 80 38
12130 A 80 28
12136 A 80 0
12138 A 66 0
12140 A 44 0
12142 A 30 0
12144 A 28 0
12154 -
12158 A
12166 -
12206 A -80 0
12238 A -78 0
12240 A -54 0
12242 A -36 0
12244 A -28 0
12250 -
12254 R
12262 -
12302 - -40 -28
12304 - -28 -28
12306 - -28 0
12310 -
12314 A
12322 -
12362 - 0 80
12376 - 0 78
12378 - 0 54
12380 - 0 36
12382 - 0 28
12388 -
12392 A
12400 -
12440 A 80 -80
12474 A 80 -74
12476 A 80 -62
12478 A 80 -52
12480 A 80 -44
12482 A 80 -38
12484 A 80 -32
12486 A 80 -28
12488 A 78 -28
12490 A 66 -28
12492 A 56 -28
12494 A 48 -28
12496 A 40 -28
12498 A 34 0
12500 A 30 0
12502 A 28 0
12512 -
12516 CU
12524 -
12564 - 80 -80
12594 - 58 -64
12596 - 40 -44
12598 - 28 -30
12600 - 28 -28
12604 -
12608 A
12616 -
12656 - -80 80
12722 - -80 58
12724 - -80 40
12726 - -80 28
12728 - -56 28
12730 - -38 28
12732 - -28 0
12738 -
12742 L
12750 -
12790 - 80 78
12792 - 80 54
12794 - 80 36
12796 - 80 28
12802 - 80 0
12806 - 76 0
12808 - 52 0
12810 - 36 0
12812 - 28 0
12818 -
12822 CR
12830 -
12870 A -80 -80
12872 A -80 -78
12874 A -80 -54
12876 A -80 -36
12878 A -80 -28
12884 A -80 0
12896 A -62 0
12898 A -42 0
12900 A -28 0
12906 -
12910 Z
12918 -
12958 - 80 -80
12984 - 72 -80
12986 - 48 -80
12988 - 40 -80
12990 - 34 -80
12992 - 30 -80
12994 - 28 -80
13002 - 0 -80
13012 - 0 -66
13014 - 0 -44
13016 - 0 -30
13018 - 0 -28
13022 -
13026 CL
13034 -
13074 A -80 80
13102 -
13106 A
13114 -
13154 - -80 80
13180 -
13184 A
13192 -
13232 A 80 -28
13234 A 80 0
13252 A 62 0
13254 A 42 0
13256 A 28 0
13262 -
13266 A
13274 -
13314 A -28 80
13316 A 0 80
13330 A 0 78
13332 A 0 54
13334 A 0 36
13336 A 0 30
13338 A 0 28
13348 -
13352 A
13360 -
13400 A -80 80
13422 A -78 80
13424 A -66 80
13426 A -56 80
13428 A -48 80
13430 A -40 80
13432 A -34 80
13434 A -30 80
13436 A -28 80
13446 A 0 80
13452 A 0 70
13454 A 0 58
13456 A 0 50
13458 A 0 42
13460 A 0 36
13462 A 0 30
13464 A 0 28
13470 -
13474 A
13482 -
13522 A 80 -80
13534 A 70 -80
13536 A 58 -80
13538 A 50 -80
13540 A 42 -80
13542 A 36 -80
13544 A 30 -80
13546 A 28 -80
13556 A 0 -80
13576 A 0 -68
13578 A 0 -58
13580 A 0 -50
13582 A 0 -42
13584 A 0 -36
13586 A 0 -30
13588 A 0 -28
13598 -
13602 A
13610 -
13650 A -80 -28
13662 A -80 0
13698 A -60 0
13700 A -40 0
13702 A -28 0
13708 -
13712 A
13720 -
13760 - 80 80
13770 - 80 76
13772 - 80 52
13774 - 80 36
13776 - 80 28
13778 - 64 28
13780 - 44 28
13782 - 30 0
13784 - 28 0
13788 -
13792 A
13800 -
13840 A -80 80
13848 A -80 72
13850 A -80 48
13852 A -80 32
13854 A -80 28
13858 A -80 0
13866 A -68 0
13868 A -46 0
13870 A -32 0
13872 A -28 0
13876 -
13880 A
13888 -
13928 - 80 -80
13944 - 80 -76
13946 - 80 -52
13948 - 80 -36
13950 - 80 -28
13956 - 80 0
13960 - 76 0
13962 - 52 0
13964 - 44 0
13966 - 38 0
13968 - 32 0
13970 - 28 0
13982 -
13986 CL
13994 -
14034 A -80 80
14046 A -64 80
14048 A -44 72
14050 A -30 48
14052 A -28 32
14054 A -28 28
14056 A 0 28
14058 -
14062 A
14070 -
14110 A -32 -80
14112 A -28 -80
14116 A 0 -80
14138 A 0 -66
14140 A 0 -44
14142 A 0 -30
14144 A 0 -28
14148 -
14152 A
14160 -
14200 A 80 64
14202 A 72 44
14204 A 48 30
14206 A 32 28
14208 A 28 28
14210 A 28 0
14212 -
14216 L
14224 -
14264 - -80 80
14270 - -80 70
14272 - -80 46
14274 - -80 32
14276 - -80 28
14278 - -62 28
14280 - -42 0
14282 - -28 0
14288 -
14292 CR
14300 -
14340 A 80 -80
14350 A 80 -60
14352 A 80 -40
14354 A 80 -28
14358 A 56 -28
14360 A 38 0
14362 A 28 0
14368 -
14372 A
14380 -
14420 - -80 -28
14422 - -80 0
14436 - -78 0
14438 - -54 0
14440 - -36 0
14442 - -28 0
14448 -
14452 A
14460 -
14500 - -80 80
14508 - -68 80
14510 - -46 80
14512 - -32 80
14514 - -28 80
14518 - 0 80
14544 - 0 58
14546 - 0 40
14548 - 0 28
14554 -
14558 R
14566 -
14606 A 80 -28
14612 A 80 0
14616 A 60 0
14618 A 40 0
14620 A 28 0
14626 -
14630 A
14638 -
14678 - 80 -80
14740 - 80 -78
14742 - 80 -54
14744 - 80 -36
14746 - 80 -28
14752 - 80 0
14758 - 78 0
14760 - 54 0
14762 - 36 0
14764 - 28 0
14770 -
14774 A
14782 -
14822 - -80 0
14846 - -72 0
14848 - -48 0
14850 - -32 0
14852 - -28 0
14856 -
14860 A
14868 -
14908 - -80 80
14918 - -80 60
14920 - -80 40
14922 - -80 34
14924 - -80 30
14926 - -80 28
14936 - -80 0
14950 - -68 0
14952 - -46 0
14954 - -32 0
14956 - -28 0
14960 -
14964 A
14972 -
15012 A -80 -80
15020 A -62 -80
15022 A -42 -80
15024 A -28 -80
15028 A -28 -76
15030 A 0 -52
15032 A 0 -36
15034 A 0 -28
15040 -
15044 A
15052 -
15092 - -28 80
15096 - 0 80
15144 - 0 60
15146 - 0 40
15148 - 0 28
15154 -
15158 A
15166 -
15206 - 0 -80
15226 - 0 -68
15228 - 0 -46
15230 - 0 -32
15232 - 0 -28
15236 -
15240 A
15248 -
15288 - 80 -80
15314 - 80 -60
15316 - 80 -40
15318 - 80 -28
15324 - 80 0
15334 - 58 0
15336 - 40 0
15338 - 28 0
15344 -
15348 A
15356 -
15396 A -80 80
15422 -
15426 CL
15434 -
15474 - -80 80
15500 -
15504 A
15512 -
15552 A -80 80
15580 -
15584 A
15592 -
15632 - 80 80
15658 -
15662 A
15670 -
15710 - -80 80
15764 - -64 80
15766 - -44 80
15768 - -30 66
15770 - -28 44
15772 - -28 30
15774 - 0 28
15778 -
15782 A
15790 -
15830 A 80 -80
15840 A 80 -56
15842 A 80 -38
15844 A 80 -28
15850 A 80 0
15864 A 78 0
15866 A 54 0
15868 A 36 0
15870 A 28 0
15876 -
15880 A
15888 -
15928 A -80 -70
15930 A -80 -46
15932 A -74 -32
15934 A -50 -28
15936 A -34 -28
15938 A -28 0
15944 -
15948 B
15956 -
15996 A -66 -80
15998 A -44 -80
16000 A -30 -80
16002 A -28 -80
16006 A 0 -80
16014 A 0 -70
16016 A 0 -46
16018 A 0 -32
16020 A 0 -28
16024 -
16028 A
16036 -
16076 A -80 -80
16078 A -76 -80
16080 A -52 -80
16082 A -36 -80
16084 A -28 -80
16090 A 0 -66
16092 A 0 -44
16094 A 0 -30
16096 A 0 -28
16100 -
16104 CL
16112 -
16152 A 80 -48
16154 A 80 -32
16156 A 80 -28
16160 A 80 0
16174 A 76 0
16176 A 52 0
16178 A 36 0
16180 A 28 0
16186 -
16190 CU
16198 -
16238 A 80 52
16240 A 80 36
16266 -
16270 A
16278 -
16318 - -80 80
16344 -
16348 A
16356 -
16396 - 32 80
16398 - 28 80
16402 - 0 80
16420 - 0 78
16422 - 0 66
16424 - 0 56
16426 - 0 48
16428 - 0 40
16430 - 0 34
16432 - 0 30
16434 - 0 28
16444 -
16448 A
16456 -
16496 A 80 80
16504 A 80 74
16506 A 80 62
16508 A 80 52
16510 A 80 44
16512 A 80 38
16514 A 80 32
16516 A 80 28
16528 A 80 0
16560 A 68 0
16562 A 58 0
16564 A 50 0
16566 A 42 0
16568 A 36 0
16570 A 30 0
16572 A 28 0
16582 -
16586 A
16594 -
16634 A -80 -28
16644 A -80 0
16648 A -72 0
16650 A -60 0
16652 A -50 0
16654 A -42 0
16656 A -36 0
16658 A -30 0
16660 A -28 0
16670 -
16674 A
16682 -
16722 A 80 -80
16734 A 80 -78
16736 A 80 -66
16738 A 80 -56
16740 A 80 -48
16742 A 80 -40
16744 A 80 -34
16746 A 80 -30
16748 A 80 -28
16750 A 76 -28
16752 A 64 -28
16754 A 54 -28
16756 A 46 -28
16758 A 40 0
16760 A 34 0
16762 A 30 0
16764 A 28 0
16774 -
16778 R
16786 -
16826 A -80 -72
16828 A -80 -60
16830 A -80 -50
16832 A -80 -42
16834 A -80 -36
16836 A -80 -30
16838 A -80 -28
16848 A -80 0
16892 A -64 0
16894 A -44 0
16896 A -30 0
16898 A -28 0
16902 -
16906 A
16914 -
16954 - 80 80
16994 - 80 78
16996 - 80 66
16998 - 80 56
17000 - 80 48
17002 - 80 40
17004 - 80 28
17010 - 80 0
17020 - 62 0
17022 - 42 0
17024 - 28 0
17030 -
17034 A
17042 -
17082 - 28 -80
17086 - 0 -80
17102 - 0 -68
17104 - 0 -58
17106 - 0 -50
17108 - 0 -42
17110 - 0 -36
17112 - 0 -30
17114 - 0 -28
17124 -
17128 A
17136 -
17176 A -80 -80
17208 A -80 -78
17210 A -80 -54
17212 A -80 -36
17214 A -80 -28
17220 A -62 0
17222 A -42 0
17224 A -28 0
17230 -
17234 A
17242 -
17282 A 80 80
17332 A 74 80
17334 A 62 80
17336 A 52 80
17338 A 44 80
17340 A 38 80
17342 A 32 72
17344 A 28 60
17346 A 28 50
17348 A 28 42
17350 A 28 36
17352 A 28 28
17354 A 0 28
17358 -
17362 A
17370 -
17410 A -80 -80
17442 A -74 -80
17444 A -62 -80
17446 A -52 -80
17448 A -44 -80
17450 A -38 -80
17452 A -32 -80
17454 A -28 -80
17458 A -28 -78
17460 A -28 -66
17462 A -28 -56
17464 A -28 -48
17466 A 0 -40
17468 A 0 -34
17470 A 0 -28
17476 -
17480 A
17488 -
17528 - -80 80
17530 - -80 64
17532 - -80 44
17534 - -80 38
17536 - -80 32
17538 - -80 28
17550 - -80 0
17598 - -62 0
17600 - -42 0
17602 - -28 0
17608 -
17612 A
17620 -
17660 A 80 -80
17666 A 80 -64
17668 A 80 -44
17670 A 80 -30
17672 A 80 -28
17676 A 80 0
17692 A 68 0
17694 A 46 0
17696 A 32 0
17698 A 28 0
17702 -
17706 A
17714 -
17754 - -80 -28
17756 - -80 0
17770 - -78 0
17772 - -54 0
17774 - -36 0
17776 - -28 0
17782 -
17786 A
17794 -
17834 - 80 80
17848 - 66 80
17850 - 44 80
17852 - 30 80
17854 - 28 80
17864 - 0 80
17884 - 0 70
17886 - 0 58
17888 - 0 40
17890 - 0 28
17896 -
17900 Z
17908 -
17948 - 80 -80
17950 - 80 -60
17952 - 80 -40
17954 - 80 -28
17956 - 72 -28
17958 - 60 -28
17960 - 50 -28
17962 - 42 -28
17964 - 36 0
17966 - 30 0
17968 - 28 0
17978 -
17982 A
17990 -
18030 A 80 -44
18032 A 80 -38
18034 A 80 -32
18036 A 80 -28
18048 A 80 0
18086 A 70 0
18088 A 58 0
18090 A 50 0
18092 A 42 0
18094 A 36 0
18096 A 30 0
18098 A 28 0
18108 -
18112 B
18120 -
18160 - -80 -80
18176 - -80 -76
18178 - -80 -64
18180 - -80 -54
18182 - -80 -46
18184 - -80 -40
18186 - -80 -34
18188 - -80 -30
18190 - -80 -28
18200 - -80 0
18268 - -66 0
18270 - -44 0
18272 - -30 0
18274 - -28 0
18278 -
18282 A
18290 -
18330 - -80 -80
18336 - -78 -80
18338 - -54 -80
18340 - -36 -80
18342 - -28 -80
18348 - 0 -74
18350 - 0 -50
18352 - 0 -34
18354 - 0 -28
18360 -
18364 A
18372 -
18412 A -64 80
18414 A -44 66
18416 A -30 44
18418 A -28 30
18420 A -28 28
18422 A 0 28
18424 -
18428 A
18436 -
18476 A 80 -30
18478 A 80 -28
18482 A 80 0
18486 A 70 0
18488 A 46 0
18490 A 32 0
18492 A 28 0
18496 -
18500 A
18508 -
18548 A 80 80
18550 A 80 60
18552 A 80 40
18554 A 80 28
18560 A 80 0
18562 A 72 0
18564 A 48 0
18566 A 32 0
18568 A 28 0
18572 -
18576 A
18584 -
18624 A -74 80
18626 A -50 80
18628 A -34 80
18630 A -28 80
18636 A 0 80
18642 A 0 66
18644 A 0 44
18646 A 0 30
18648 A 0 28
18652 -
18656 A
18664 -
18704 A 80 -80
18742 A 80 -66
18744 A 80 -44
18746 A 80 -30
18748 A 80 -28
18752 A 80 0
18762 A 70 0
18764 A 46 0
18766 A 32 0
18768 A 28 0
18772 -
18776 A
18784 -
18824 A -80 80
18884 A -80 78
18886 A -80 66
18888 A -80 44
18890 A -80 30
18892 A -80 28
18896 A -80 0
18924 A -76 0
18926 A -52 0
18928 A -36 0
18930 A -28 0
18936 -
18940 A
18948 -
18988 A 80 -80
18990 A 80 -76
18992 A 80 -52
18994 A 80 -36
18996 A 80 -28
19002 A 80 0
19106 A 78 0
19108 A 66 0
19110 A 56 0
19112 A 48 0
19114 A 40 0
19116 A 28 0
19122 -
19126 A
19134 -
19174 A -80 -80
19210 A -80 -70
19212 A -80 -58
19214 A -68 -50
19216 A -58 -42
19218 A -50 -36
19220 A -42 -30
19222 A -36 -28
19224 A -30 -28
19226 A -28 -28
19232 A -28 0
19236 -
19240 A
19248 -
19288 A -80 -56
19290 A -80 -48
19292 A -80 -40
19294 A -80 -34
19296 A -80 -30
19298 A -80 -28
19304 A -80 0
19312 A -62 0
19314 A -42 0
19316 A -28 0
19322 -
19326 A
19334 -
19374 A -34 -58
19376 A -28 -40
19378 A -28 -28
19382 A 0 -28
19384 -
19388 R
19396 -
19436 - 80 80
19442 - 76 80
19444 - 52 80
19446 - 44 80
19448 - 38 80
19450 - 32 80
19452 - 28 80
19456 - 28 74
19458 - 28 62
19460 - 28 52
19462 - 28 44
19464 - 0 38
19466 - 0 32
19468 - 0 28
19480 -
19484 A
19492 -
19532 A -80 80
19536 A -70 80
19538 A -58 80
19540 A -50 80
19542 A -42 80
19544 A -36 80
19546 A -30 80
19548 A -28 80
19552 A 0 80
19554 A 0 60
19556 A 0 40
19558 A 0 28
19564 -
19568 A
19576 -
19616 - 80 -80
19658 - 78 -80
19660 - 66 -80
19662 - 56 -80
19664 - 48 -80
19666 - 40 -80
19668 - 34 -72
19670 - 30 -60
19672 - 28 -50
19674 - 28 -42
19676 - 28 -36
19678 - 28 -30
19680 - 28 -28
19682 - 0 -28
19690 -
19694 A
19702 -
19742 - -80 80
19750 - -80 70
19752 - -80 58
19754 - -80 50
19756 - -80 42
19758 - -80 36
19760 - -80 30
19762 - -80 28
19772 - -80 0
19790 - -78 0
19792 - -66 0
19794 - -56 0
19796 - -48 0
19798 - -40 0
19800 - -28 0
19806 -
19810 A
19818 -
19858 A -80 -80
19874 A -66 -64
19876 A -44 -44
19878 A -30 -30
19880 A -28 -28
19884 -
19888 A
19896 -
19936 A 80 80
19980 A 80 74
19982 A 80 62
19984 A 80 52
19986 A 78 44
19988 A 66 38
19990 A 56 32
19992 A 48 28
19994 A 40 28
19996 A 34 28
19998 A 30 28
20000 A 28 28
20004 A 28 0
20010 -
20014 A
20022 -
20062 A -80 80
20076 A -80 74
20078 A -58 50
20080 A -40 34
20082 A -28 28
20088 -
20092 A
20100 -
20140 - 80 -34
20142 - 80 -28
20148 - 80 0
20166 - 68 0
20168 - 46 0
20170 - 32 0
20172 - 28 0
20176 -
20180 A
20188 -
20228 A -80 -80
20302 A -80 -68
20304 A -80 -46
20306 A -80 -32
20308 A -80 -28
20312 A -80 0
20328 A -56 0
20330 A -38 0
20332 A -28 0
20338 -
20342 A
20350 -
20390 - 80 -70
20392 - 80 -46
20394 - 80 -32
20396 - 80 -28
20400 - 80 0
20470 - 74 0
20472 - 50 0
20474 - 34 0
20476 - 28 0
20482 -
20486 B
20494 -
20534 - -80 80
20540 - -80 78
20542 - -80 54
20544 - -80 36
20546 - -80 28
20552 - -80 0
20560 - -70 0
20562 - -46 0
20564 - -32 0
20566 - -28 0
20570 -
20574 A
20582 -
20622 A -80 80
20648 A -78 80
20650 A -54 80
20652 A -36 80
20654 A -28 80
20660 A 0 80
20666 A 0 78
20668 A 0 54
20670 A 0 36
20672 A 0 28
20678 -
20682 A
20690 -
20730 - 80 -80
20748 - 80 -74
20750 - 80 -62
20752 - 80 -52
20754 - 80 -44
20756 - 80 -38
20758 - 80 -32
20760 - 80 -28
20772 - 80 0
20792 - 76 0
20794 - 64 0
20796 - 54 0
20798 - 46 0
20800 - 40 0
20802 - 34 0
20804 - 30 0
20806 - 28 0
20816 -
20820 CL
20828 -
20868 - -80 -80
20870 - -80 -78
20872 - -80 -66
20874 - -80 -56
20876 - -80 -48
20878 - -80 -40
20880 - -80 -34
20882 - -80 -30
20884 - -80 -28
20894 - -80 0
20910 - -74 0
20912 - -62 0
20914 - -52 0
20916 - -44 0
20918 - -38 0
20920 - -32 0
20922 - -28 0
20934 -
20938 A
20946 -
20986 A 80 -80
21014 A 80 -74
21016 A 80 -50
21018 A 80 -34
21020 A 76 -28
21022 A 52 -28
21024 A 36 -28
21026 A 28 0
21032 -
21036 A
21044 -
21084 - -80 80
21138 - -80 58
21140 - -80 40
21142 - -80 28
21148 - -80 0
21154 - -62 0
21156 - -42 0
21158 - -28 0
21164 -
21168 A
21176 -
