# Practice, one player: Mirror Coastline in the rain, car 7.
#
# Written by n64/tools/n64drive.py (plan 'prac_mcoast_rain'); the driver saw:
#   TOP GEAR RALLY: row 2
#   TRACK SELECT: row 2
#   P1 car 1
#   cheats: cars car9 car10 car11 car12 car15 tracks mirrors
#   TOP GEAR RALLY: row 3
#   1P/2P SELECT: row 0
#   TRACK SELECT: row 7
#   WEATHER SELECT: row 2
#   P1 car 7 handling=Type 2 transmission=Automatic tires=Grippy suspension=Softer
#   race 2400 frames; P1 drove 0.25 laps
frames 6281
0 -
80 A
88 -
294 START
302 -
502 - 80 0
510 -
534 - 80 0
542 -
626 - 80 0
634 -
670 A
678 -
728 A
736 -
834 START
858 -
872 A
896 -
910 A
934 -
948 A
972 -
986 A
1010 -
1024 A
1058 -
1106 A
1114 -
1122 DL
1130 -
1138 DL
1146 -
1154 CD
1162 -
1170 A
1178 -
1186 DR
1194 -
1202 Z
1210 -
1226 DU
1234 -
1242 DU
1250 -
1258 Z
1266 -
1274 B
1282 -
1290 A
1298 -
1306 DL
1314 -
1322 DL
1330 -
1346 DD
1354 -
1362 A
1370 -
1378 DR
1386 -
1394 Z
1402 -
1410 DR
1418 -
1426 DU
1434 -
1442 CD
1450 -
1466 CD
1474 -
1482 DU
1490 -
1498 B
1506 -
1514 DR
1522 -
1530 A
1538 -
1546 CD
1554 -
1562 A
1570 -
1578 DR
1586 -
1602 B
1610 -
1618 B
1626 -
1634 A
1642 -
1650 DL
1658 -
1666 DL
1674 -
1682 CD
1690 -
1698 A
1706 -
1714 DR
1722 -
1738 DR
1746 -
1754 DU
1762 -
1770 DL
1778 -
1786 CD
1794 -
1802 CD
1810 -
1818 A
1826 -
1834 DR
1842 -
1850 Z
1858 -
1874 A
1882 -
1890 DL
1898 -
1906 DL
1914 -
1922 DR
1930 -
1938 DD
1946 -
1954 Z
1962 -
1978 DR
1986 -
1994 DU
2002 -
2010 DL
2018 -
2026 CD
2034 -
2042 DR
2050 -
2058 DD
2066 -
2074 Z
2082 -
2090 START
2098 -
2158 DU
2166 -
2206 START
2214 -
2250 - 80 0
2258 -
2294 A
2302 -
2352 A
2360 -
2398 - 80 0
2406 -
2430 - 80 0
2438 -
2522 - 80 0
2530 -
2554 - 80 0
2562 -
2646 - 80 0
2654 -
2678 - 80 0
2686 -
2770 - 80 0
2778 -
2802 - 80 0
2810 -
2894 - 80 0
2902 -
2938 A
2946 -
2984 - 80 0
2992 -
3016 - 80 0
3024 -
3108 - 80 0
3116 -
3152 A
3160 -
3258 - 80 0
3282 -
3300 - 80 0
3324 -
3342 - 80 0
3366 -
3384 - 80 0
3408 -
3426 - 80 0
3450 -
3468 - 80 0
3492 -
3510 A
3534 -
3548 - 80 0
3572 -
3590 A
3614 -
3628 A
3652 -
3666 A
3690 -
3704 - 80 0
3728 -
3746 - 80 0
3770 -
3788 A
3812 -
3826 A
3860 -
3880 A
4244 A 1 0
4258 A 2 0
4260 A 3 0
4270 A 4 0
4274 A 5 0
4282 A 6 0
4286 A 7 0
4296 A 8 0
4306 A 9 0
4308 A 8 0
4310 A 9 0
4324 A 10 0
4326 A 9 0
4330 A 10 0
4336 A 9 0
4338 A 10 0
4344 A 9 0
4346 A 10 0
4352 A 9 0
4356 A 10 0
4360 A 9 0
4362 A 8 0
4364 A 9 0
4366 A 8 0
4380 A 9 0
4382 A 7 0
4384 A 8 0
4388 A 7 0
4392 A 8 0
4394 A 7 0
4400 A 6 0
4402 A 7 0
4406 A 6 0
4410 A 7 0
4412 A 6 0
4418 A 5 0
4420 A 6 0
4424 A 5 0
4426 A 6 0
4430 A 5 0
4440 A 4 0
4442 A 5 0
4446 A 4 0
4448 A 5 0
4450 A 3 0
4454 A 4 0
4456 A 3 0
4460 A 4 0
4462 A 3 0
4482 A 2 0
4484 A 3 0
4486 A 2 0
4510 A 1 0
4512 A 2 0
4514 A 1 0
4532 A
4534 A 1 0
4536 A
4562 A 1 0
4568 A 3 0
4572 A 4 0
4574 A 5 0
4576 A 6 0
4580 A 8 0
4584 A 9 0
4588 A 10 0
4590 A 11 0
4594 A 12 0
4596 A 13 0
4600 A 14 0
4604 A 15 0
4606 A 16 0
4608 - 16 0
4610 - 17 0
4616 - 21 0
4618 - 22 0
4620 - 25 0
4622 - 26 0
4624 - 28 0
4626 - 30 0
4628 - 32 0
4630 - 33 0
4632 - 35 0
4634 - 37 0
4636 - 38 0
4638 - 40 0
4640 - 41 0
4642 - 43 0
4644 - 44 0
4646 - 46 0
4648 - 48 0
4650 - 49 0
4652 - 51 0
4656 - 57 0
4658 - 56 0
4660 - 59 0
4662 - 63 0
4664 - 62 0
4666 A 57 0
4668 A 49 0
4672 A 47 0
4674 A 39 0
4676 A 32 0
4680 A 35 0
4684 A 37 0
4686 A 35 0
4688 A 33 0
4690 A 31 0
4692 A 32 0
4694 A 33 0
4696 A 31 0
4700 A 28 0
4702 A 29 0
4706 A 31 0
4708 A 32 0
4712 A 34 0
4714 A 33 0
4716 A 35 0
4718 A 34 0
4722 A 31 0
4724 A 33 0
4726 A 32 0
4728 A 34 0
4730 A 36 0
4732 A 34 0
4734 A 36 0
4736 A 35 0
4740 A 31 0
4744 A 30 0
4746 A 32 0
4748 A 31 0
4750 A 32 0
4752 A 31 0
4754 A 33 0
4756 A 32 0
4758 A 33 0
4760 A 30 0
4764 A 29 0
4766 A 28 0
4768 A 29 0
4770 A 28 0
4772 A 29 0
4774 A 28 0
4776 A 30 0
4778 A 28 0
4780 A 29 0
4782 A 28 0
4784 A 29 0
4786 A 27 0
4788 A 29 0
4790 A 27 0
4792 A 28 0
4794 A 26 0
4796 A 24 0
4798 A 25 0
4800 A 23 0
4802 A 24 0
4804 A 22 0
4806 A 23 0
4808 A 21 0
4810 A 23 0
4812 A 22 0
4814 A 21 0
4816 A 20 0
4818 A 19 0
4820 A 20 0
4822 A 19 0
4824 A 20 0
4826 A 19 0
4828 A 20 0
4830 A 19 0
4832 A 20 0
4840 A 21 0
4842 A 20 0
4844 A 21 0
4846 A 20 0
4848 A 19 0
4850 A 20 0
4852 A 19 0
4854 A 20 0
4856 A 19 0
4858 A 20 0
4860 A 19 0
4862 A 20 0
4864 A 18 0
4866 A 17 0
4868 A 18 0
4870 A 16 0
4872 A 17 0
4874 A 15 0
4876 A 16 0
4878 A 14 0
4880 A 12 0
4882 A 13 0
4884 A 12 0
4888 A 10 0
4890 A 9 0
4894 A 7 0
4896 A 8 0
4898 A 6 0
4900 A 5 0
4904 A 4 0
4906 A 3 0
4910 A 2 0
4914 A 1 0
4916 A
4924 A -1 0
4928 A -2 0
4930 A -3 0
4934 A -4 0
4938 A -5 0
4940 A -6 0
4944 A -7 0
4948 A -8 0
4952 A -9 0
4956 A -10 0
4962 A -11 0
4966 A -12 0
4970 B -12 0
4972 B -13 0
4984 B -14 0
4986 B -13 0
4990 B -15 0
4992 B -14 0
4994 B -15 0
4996 B -14 0
4998 B -15 0
5000 B -14 0
5002 - -15 0
5004 - -14 0
5006 - -15 0
5010 - -14 0
5012 - -15 0
5020 - -16 0
5022 - -15 0
5024 - -16 0
5026 - -15 0
5028 - -16 0
5030 - -15 0
5032 - -16 0
5034 B -17 0
5036 B -18 0
5040 B -20 0
5044 B -21 0
5046 B -22 0
5050 B -23 0
5054 B -24 0
5056 B -25 0
5058 B -24 0
5060 B -25 0
5062 - -26 0
5064 - -28 0
5066 A -29 0
5068 A -30 0
5072 A -32 0
5074 A -33 0
5076 B -38 0
5078 - -40 0
5082 - -44 0
5084 - -46 0
5086 - -41 0
5088 - -39 0
5090 - -40 0
5092 - -39 0
5094 - -42 0
5096 - -44 0
5098 - -45 0
5100 - -44 0
5102 - -43 0
5104 - -42 0
5106 - -44 0
5108 - -47 0
5110 - -46 0
5112 - -48 0
5114 - -45 0
5116 - -44 0
5120 - -41 0
5122 - -43 0
5124 - -45 0
5126 - -47 0
5128 - -49 0
5130 - -48 0
5132 - -46 0
5134 - -45 0
5136 - -47 0
5138 - -50 0
5140 - -49 0
5142 - -51 0
5144 - -50 0
5146 - -44 0
5148 - -41 0
5150 - -43 0
5152 - -48 0
5154 - -50 0
5156 - -52 0
5158 - -54 0
5160 A -55 0
5162 A -53 0
5164 A -52 0
5166 - -53 0
5168 - -55 0
5170 - -57 0
5172 - -59 0
5174 - -60 0
5176 A -59 0
5178 A -56 0
5180 A -53 0
5182 A -57 0
5184 A -59 0
5186 A -62 0
5188 - -65 0
5190 - -67 0
5192 A -66 0
5194 A -62 0
5196 A -58 0
5198 A -55 0
5200 A -58 0
5202 A -61 0
5204 A -63 0
5206 A -64 0
5208 A -66 0
5210 A -64 0
5212 A -59 0
5214 A -51 0
5216 A -50 0
5218 A -53 0
5220 A -52 0
5222 A -54 0
5224 A -56 0
5226 A -57 0
5228 A -52 0
5230 A -48 0
5232 A -45 0
5234 A -49 0
5236 A -51 0
5238 A -53 0
5240 A -54 0
5242 A -49 0
5244 A -45 0
5246 A -40 0
5248 A -43 0
5250 A -44 0
5252 A -46 0
5254 A -49 0
5256 A -48 0
5258 A -49 0
5260 A -48 0
5262 A -42 0
5266 A -44 0
5268 A -48 0
5270 A -45 0
5272 A -43 0
5274 A -44 0
5276 A -43 0
5278 A -41 0
5280 A -35 0
5282 A -37 0
5284 A -39 0
5286 A -38 0
5288 A -40 0
5290 A -39 0
5292 A -38 0
5296 A -35 0
5298 A -37 0
5300 A -36 0
5302 A -37 0
5304 A -39 0
5306 A -37 0
5308 A -36 0
5310 A -34 0
5312 A -29 0
5314 A -32 0
5316 A -31 0
5318 A -32 0
5320 A -34 0
5322 A -32 0
5324 A -33 0
5326 A -32 0
5328 A -33 0
5330 A -34 0
5332 A -32 0
5334 A -33 0
5336 A -31 0
5338 A -33 0
5340 A -30 0
5342 A -32 0
5346 A -30 0
5348 A -31 0
5350 A -30 0
5352 A -32 0
5354 A -33 0
5356 A -32 0
5358 A -33 0
5360 A -32 0
5364 A -30 0
5366 A -31 0
5368 A -33 0
5370 A -31 0
5372 A -32 0
5378 - -30 0
5380 - -32 0
5382 - -34 0
5384 - -33 0
5386 - -34 0
5388 - -33 0
5390 A -34 0
5392 - -32 0
5394 A -32 0
5396 A -34 0
5398 A -33 0
5400 A -34 0
5402 A -32 0
5404 A -34 0
5406 A -35 0
5408 A -33 0
5410 A -34 0
5412 A -33 0
5414 A -35 0
5416 A -31 0
5418 A -33 0
5420 A -31 0
5422 A -32 0
5424 A -29 0
5426 A -31 0
5428 A -30 0
5430 A -32 0
5436 A -29 0
5442 A -30 0
5444 A -29 0
5446 A -30 0
5448 A -31 0
5450 A -30 0
5452 A -29 0
5454 A -30 0
5456 A -34 0
5458 A -36 0
5460 A -39 0
5464 A -38 0
5466 - -38 0
5468 - -41 0
5470 - -42 0
5472 - -45 0
5474 - -46 0
5476 - -48 0
5478 - -45 0
5480 - -39 0
5482 - -40 0
5484 - -41 0
5486 - -44 0
5488 - -43 0
5490 - -45 0
5492 - -37 0
5494 B -22 0
5496 B -28 0
5498 - -30 0
5500 B -29 0
5502 B -27 0
5504 B -18 0
5506 B -15 0
5508 B -17 0
5510 B -13 0
5512 B -14 0
5514 B -9 0
5516 B
5518 B 3 0
5520 - -1 0
5522 - 2 0
5526 - 12 0
5528 - 19 0
5530 - 25 0
5532 B 28 0
5534 B 29 0
5538 B 31 0
5540 B 33 0
5542 - 35 0
5544 - 37 0
5546 - 38 0
5548 - 40 0
5550 - 42 0
5552 - 43 0
5554 - 45 0
5556 - 47 0
5558 - 49 0
5560 - 63 0
5562 A 66 0
5564 - 69 0
5566 - 80 0
5568 A 80 0
5570 - 80 0
5572 B 80 0
5594 A 80 0
5598 A 75 0
5600 A 61 0
5602 A 47 0
5604 A 34 0
5606 A 29 0
5608 A 28 0
5610 A 27 0
5612 A 21 0
5614 A 20 0
5618 A 19 0
5620 A 13 0
5622 A 12 0
5626 A 11 0
5628 A 10 0
5632 A 9 0
5636 A 8 0
5638 A 7 0
5640 A 6 0
5642 A 5 0
5646 A 4 0
5652 A 2 0
5660 A
5670 A -2 0
5680 A 1 0
5688 A 4 0
5694 A 7 0
5696 A 8 0
5700 A 9 0
5704 A 10 0
5708 A 11 0
5710 A 17 0
5712 A 18 0
5716 A 19 0
5718 A 24 0
5720 A 25 0
5722 - 26 0
5724 A 28 0
5726 - 32 0
5728 A 33 0
5730 A 35 0
5732 A 38 0
5734 A 40 0
5736 A 41 0
5738 - 43 0
5740 - 45 0
5742 - 47 0
5744 - 49 0
5748 - 51 0
5750 - 53 0
5752 - 55 0
5754 - 60 0
5756 A 62 0
5758 - 64 0
5760 A 67 0
5762 - 68 0
5764 - 70 0
5766 A 72 0
5768 A 68 0
5770 A 61 0
5772 A 54 0
5774 A 56 0
5776 A 57 0
5778 A 54 0
5780 A 51 0
5782 A 47 0
5784 A 49 0
5786 A 50 0
5788 A 48 0
5790 A 49 0
5792 A 50 0
5794 A 49 0
5796 A 48 0
5798 A 50 0
5800 A 52 0
5802 A 54 0
5804 A 53 0
5806 A 52 0
5808 A 48 0
5810 A 49 0
5812 A 52 0
5814 A 51 0
5816 A 53 0
5820 A 50 0
5822 A 51 0
5824 A 54 0
5826 A 52 0
5828 A 53 0
5830 A 52 0
5832 A 50 0
5836 A 53 0
5838 A 56 0
5840 A 58 0
5842 A 57 0
5844 A 55 0
5846 A 53 0
5848 A 56 0
5850 A 59 0
5854 A 58 0
5856 A 55 0
5858 A 48 0
5862 A 51 0
5864 A 50 0
5866 A 55 0
5868 A 51 0
5870 A 43 0
5872 A 41 0
5874 A 43 0
5876 A 45 0
5878 A 44 0
5880 A 45 0
5882 A 43 0
5884 A 37 0
5888 A 39 0
5890 A 38 0
5892 A 39 0
5894 A 38 0
5896 A 39 0
5898 A 38 0
5900 A 32 0
5902 A 34 0
5904 A 36 0
5906 A 33 0
5908 A 35 0
5910 A 33 0
5912 A 34 0
5914 A 36 0
5916 A 33 0
5918 A 35 0
5920 A 36 0
5922 A 35 0
5924 A 37 0
5926 A 36 0
5928 A 38 0
5930 A 36 0
5932 A 38 0
5934 A 40 0
5936 A 39 0
5938 A 41 0
5940 A 39 0
5942 A 41 0
5944 A 39 0
5946 A 41 0
5948 A 39 0
5950 - 41 0
5952 A 43 0
5954 - 45 0
5956 A 47 0
5958 - 48 0
5960 A 50 0
5962 - 51 0
5964 A 53 0
5966 A 56 0
5968 A 54 0
5970 A 55 0
5972 A 53 0
5976 A 52 0
5978 A 55 0
5980 A 54 0
5982 A 57 0
5984 A 56 0
5986 A 48 0
5988 A 51 0
5990 A 52 0
5992 A 55 0
5994 A 52 0
5996 A 51 0
5998 A 52 0
6000 A 55 0
6002 A 50 0
6004 A 49 0
6006 A 52 0
6010 A 54 0
6012 A 48 0
6018 A 51 0
6020 A 49 0
6022 A 51 0
6024 A 46 0
6030 A 48 0
6032 A 47 0
6034 A 48 0
6036 A 43 0
6038 A 44 0
6040 A 42 0
6042 A 44 0
6044 - 42 0
6046 - 44 0
6048 - 42 0
6050 A 40 0
6052 - 31 0
6054 - 29 0
6056 - 28 0
6058 - 29 0
6060 - 30 0
6062 - 27 0
6064 - 28 0
6066 - 22 0
6068 - 23 0
6070 - 17 0
6074 - 18 0
6076 - 12 0
6080 - 6 0
6084 - 1 0
6094 - -3 0
6098 B -9 0
6102 B -13 0
6104 A -14 0
6106 A -15 0
6108 B -23 0
6110 B -24 0
6112 B -32 0
6114 B -33 0
6116 B -34 0
6118 B -41 0
6120 B -42 0
6122 B -44 0
6124 - -49 0
6126 - -48 0
6128 - -50 0
6130 - -55 0
6132 - -58 0
6134 - -60 0
6136 - -64 0
6138 - -67 0
6140 - -70 0
6142 - -71 0
6144 - -74 0
6146 - -76 0
6148 - -79 0
6150 - -77 0
6152 - -78 0
6154 - -79 0
6156 - -75 0
6158 A -75 0
6162 A -68 0
6164 A -66 0
6166 A -64 0
6168 A -60 0
6170 A -57 0
6172 A -55 0
6174 A -53 0
6176 A -46 0
6178 A -44 0
6180 A -42 0
6182 A -35 0
6184 A -33 0
6186 A -39 0
6188 A -38 0
6190 A -44 0
6192 A -50 0
6194 A -48 0
6196 A -52 0
6198 A -57 0
6200 A -54 0
6202 A -57 0
6204 A -61 0
6206 A -65 0
6208 A -60 0
6210 A -62 0
6212 A -65 0
6214 A -51 0
6216 A -52 0
6218 A -53 0
6220 A -52 0
6222 A -55 0
6224 A -57 0
6226 A -56 0
6228 A -59 0
6230 A -58 0
6232 A -61 0
6234 A -63 0
6236 A -61 0
6238 A -63 0
6240 A -65 0
6242 A -61 0
6244 A -62 0
6246 A -57 0
6252 A -51 0
6254 A -55 0
6256 A -60 0
6258 A -65 0
6260 A -69 0
6262 A -66 0
6264 A -70 0
6266 A -66 0
6268 A -68 0
6270 A -71 0
6272 A -64 0
6274 A -65 0
6276 A -63 0
6278 A -62 0
6280 -
