# Time attack: Desert, car 10, driven on the racing line.
#
# Written by n64/tools/n64drive.py (plan 'ta_desert_car10'); the driver saw:
#   TOP GEAR RALLY: row 2
#   TRACK SELECT: row 2
#   P1 car 1
#   cheats: cars car9 car10 car11 car12 car15 tracks mirrors
#   TOP GEAR RALLY: row 2
#   TRACK SELECT: row 0
#   P1 car 10 handling=Type 1 transmission=Automatic tires=Grippy suspension=Normal
#   race 2400 frames; P1 drove 0.21 laps
frames 5605
0 -
80 A
88 -
294 START
302 -
502 - 80 0
510 -
534 - 80 0
542 -
626 - 80 0
634 -
670 A
678 -
728 A
736 -
834 START
858 -
872 A
896 -
910 A
934 -
948 A
972 -
986 A
1010 -
1024 A
1058 -
1106 A
1114 -
1122 DL
1130 -
1138 DL
1146 -
1154 CD
1162 -
1170 A
1178 -
1186 DR
1194 -
1202 Z
1210 -
1226 DU
1234 -
1242 DU
1250 -
1258 Z
1266 -
1274 B
1282 -
1290 A
1298 -
1306 DL
1314 -
1322 DL
1330 -
1346 DD
1354 -
1362 A
1370 -
1378 DR
1386 -
1394 Z
1402 -
1410 DR
1418 -
1426 DU
1434 -
1442 CD
1450 -
1466 CD
1474 -
1482 DU
1490 -
1498 B
1506 -
1514 DR
1522 -
1530 A
1538 -
1546 CD
1554 -
1562 A
1570 -
1578 DR
1586 -
1602 B
1610 -
1618 B
1626 -
1634 A
1642 -
1650 DL
1658 -
1666 DL
1674 -
1682 CD
1690 -
1698 A
1706 -
1714 DR
1722 -
1738 DR
1746 -
1754 DU
1762 -
1770 DL
1778 -
1786 CD
1794 -
1802 CD
1810 -
1818 A
1826 -
1834 DR
1842 -
1850 Z
1858 -
1874 A
1882 -
1890 DL
1898 -
1906 DL
1914 -
1922 DR
1930 -
1938 DD
1946 -
1954 Z
1962 -
1978 DR
1986 -
1994 DU
2002 -
2010 DL
2018 -
2026 CD
2034 -
2042 DR
2050 -
2058 DD
2066 -
2074 Z
2082 -
2090 START
2098 -
2158 DU
2166 -
2206 START
2214 -
2262 A
2270 -
2308 - -80 0
2316 -
2340 - -80 0
2348 -
2432 - -80 0
2440 -
2476 A
2484 -
2582 - 80 0
2606 -
2624 - 80 0
2648 -
2666 - 80 0
2690 -
2708 - 80 0
2732 -
2750 - 80 0
2774 -
2792 - 80 0
2816 -
2834 - 80 0
2858 -
2876 - 80 0
2900 -
2918 - 80 0
2942 -
2960 A
2984 -
2998 A
3022 -
3036 A
3060 -
3074 A
3098 -
3112 A
3136 -
3150 A
3184 -
3204 A
3504 A -1 0
3514 A -2 0
3534 A -3 0
3550 A -4 0
3562 A -5 0
3568 A -6 0
3576 A -7 0
3586 A -8 0
3588 A -7 0
3590 A -8 0
3602 A -9 0
3624 A -10 0
3626 A -9 0
3630 A -10 0
3632 A -9 0
3636 A -10 0
3638 A -9 0
3640 A -10 0
3644 A -9 0
3646 A -10 0
3650 A -9 0
3652 A -10 0
3662 A -9 0
3664 A -10 0
3668 A -9 0
3670 A -10 0
3672 A -9 0
3676 A -10 0
3678 A -9 0
3686 A -10 0
3688 A -9 0
3702 A -8 0
3704 A -9 0
3712 A -8 0
3720 A -6 0
3722 A -7 0
3726 A -6 0
3728 A -7 0
3730 A -6 0
3738 A -5 0
3740 A -6 0
3742 A -5 0
3750 A -4 0
3752 A -5 0
3756 A -4 0
3758 A -5 0
3760 A -4 0
3766 A -3 0
3774 A -2 0
3776 A -3 0
3778 A -2 0
3782 A -1 0
3786 A
3796 A 1 0
3800 A 2 0
3804 A 3 0
3808 A 4 0
3810 A 5 0
3814 A 6 0
3818 A 7 0
3820 A 8 0
3824 A 9 0
3828 A 10 0
3830 A 11 0
3834 A 12 0
3836 A 13 0
3840 A 14 0
3842 A 15 0
3846 A 16 0
3848 A 17 0
3852 A 18 0
3854 A 19 0
3856 A 20 0
3858 A 21 0
3862 A 22 0
3864 A 23 0
3866 A 24 0
3868 A 21 0
3870 A 16 0
3872 A 17 0
3876 A 18 0
3878 A 16 0
3880 A 17 0
3882 A 18 0
3884 A 16 0
3896 A 17 0
3898 A 18 0
3900 A 16 0
3904 A 17 0
3914 A 16 0
3916 A 15 0
3922 A 14 0
3924 A 13 0
3926 A 12 0
3928 A 10 0
3930 A 9 0
3940 A 8 0
3942 A 7 0
3948 A 6 0
3950 - 7 0
3952 A 6 0
3954 - 6 0
3956 A 6 0
3960 - 6 0
3962 A 6 0
3964 - 6 0
3966 A 5 0
3968 - 6 0
3970 A 5 0
3972 A 6 0
3974 - 5 0
3976 A 5 0
3978 - 5 0
3980 A 5 0
3982 - 5 0
3984 A 5 0
3986 - 5 0
3988 A 4 0
3990 A 5 0
3992 - 5 0
3994 A 4 0
3996 - 4 0
3998 A 4 0
4000 - 4 0
4002 A 4 0
4006 - 4 0
4008 A 4 0
4010 - 3 0
4012 A 3 0
4014 - 3 0
4016 A 3 0
4020 - 3 0
4022 A 3 0
4024 - 3 0
4026 A 3 0
4028 - 3 0
4030 A 4 0
4032 - 4 0
4034 A 4 0
4036 A 5 0
4038 - 5 0
4040 A 5 0
4042 - 6 0
4044 A 6 0
4048 - 6 0
4050 A 6 0
4052 B 6 0
4054 B 7 0
4056 A 7 0
4058 B 6 0
4062 B 5 0
4068 B 4 0
4084 B 3 0
4086 B 4 0
4088 B 3 0
4090 B 1 0
4094 B
4102 B -2 0
4106 B -3 0
4108 - -4 0
4110 - -5 0
4112 - -6 0
4114 - -7 0
4118 - -8 0
4122 - -11 0
4124 - -12 0
4126 - -14 0
4128 - -15 0
4130 - -17 0
4132 - -18 0
4134 - -19 0
4136 - -20 0
4138 B -22 0
4140 B -23 0
4142 B -24 0
4146 B -25 0
4148 B -26 0
4150 B -27 0
4152 A -30 0
4154 A -31 0
4156 A -34 0
4158 A -35 0
4160 A -36 0
4162 A -38 0
4164 - -38 0
4166 - -39 0
4168 A -39 0
4170 - -38 0
4172 - -39 0
4174 A -41 0
4176 - -41 0
4178 A -41 0
4180 - -41 0
4184 A -40 0
4186 - -39 0
4188 A -37 0
4192 A -36 0
4194 A -35 0
4198 A -33 0
4200 A -32 0
4202 A -29 0
4206 A -28 0
4208 A -24 0
4210 A -23 0
4214 A -24 0
4216 A -27 0
4220 A -29 0
4222 A -30 0
4224 A -33 0
4226 A -35 0
4228 A -36 0
4230 A -38 0
4232 A -39 0
4234 A -41 0
4238 A -47 0
4240 A -49 0
4244 A -48 0
4246 A -44 0
4248 A -46 0
4250 A -41 0
4252 A -40 0
4254 A -34 0
4256 A -36 0
4258 A -31 0
4260 A -29 0
4262 A -17 0
4264 A -18 0
4266 A -14 0
4268 A -15 0
4270 A -11 0
4272 A -12 0
4274 A -7 0
4276 A -8 0
4278 A -3 0
4280 A
4284 A 3 0
4286 B 4 0
4288 A 7 0
4292 B 11 0
4294 B 13 0
4296 B 14 0
4298 B 16 0
4302 B 18 0
4304 B 19 0
4306 B 20 0
4308 B 21 0
4310 B 23 0
4312 B 24 0
4314 B 26 0
4316 B 28 0
4318 B 30 0
4320 B 32 0
4322 B 34 0
4324 B 35 0
4326 B 36 0
4328 B 37 0
4332 - 38 0
4334 - 37 0
4336 - 38 0
4338 - 37 0
4340 - 38 0
4342 A 72 0
4344 A 60 0
4348 A 73 0
4350 A 70 0
4352 A 67 0
4354 A 64 0
4356 A 62 0
4358 A 61 0
4360 A 60 0
4362 A 59 0
4364 A 58 0
4366 A 57 0
4370 A 56 0
4372 A 55 0
4376 A 54 0
4378 A 41 0
4382 A 40 0
4386 A 39 0
4390 A 38 0
4396 A 37 0
4400 A 36 0
4412 A 25 0
4416 A 18 0
4426 A 17 0
4428 A 18 0
4432 A 11 0
4444 A 12 0
4446 A 9 0
4450 A 7 0
4456 A 5 0
4462 A 6 0
4466 A 4 0
4470 A 5 0
4476 A 4 0
4484 A 3 0
4488 A 4 0
4492 A 2 0
4536 A 7 0
4540 A 8 0
4542 A 12 0
4544 A 15 0
4546 A 16 0
4548 A 18 0
4550 A 19 0
4552 A 20 0
4554 A 22 0
4556 A 23 0
4558 A 25 0
4562 A 26 0
4564 A 27 0
4566 A 28 0
4568 A 31 0
4570 A 32 0
4572 A 33 0
4574 A 35 0
4576 A 36 0
4578 B 37 0
4580 A 38 0
4582 A 39 0
4584 B 38 0
4586 A 39 0
4588 B 38 0
4590 A 37 0
4594 A 35 0
4598 A 32 0
4600 A 31 0
4602 A 30 0
4604 A 31 0
4606 A 30 0
4608 - 30 0
4610 A 29 0
4612 A 28 0
4614 - 26 0
4616 A 26 0
4618 - 23 0
4620 A 23 0
4622 A 22 0
4624 - 19 0
4626 A 19 0
4628 - 20 0
4630 - 25 0
4632 - 30 0
4634 - 31 0
4636 - 35 0
4638 - 39 0
4640 B 42 0
4642 B 45 0
4644 B 47 0
4646 A 49 0
4648 B 51 0
4652 B 53 0
4654 A 50 0
4656 A 47 0
4660 A 46 0
4662 A 47 0
4664 B 46 0
4666 A 47 0
4668 A 48 0
4670 B 45 0
4672 A 46 0
4674 A 47 0
4676 B 46 0
4678 B 50 0
4680 B 52 0
4682 B 55 0
4684 B 57 0
4688 A 59 0
4690 A 53 0
4692 A 49 0
4694 A 48 0
4696 A 47 0
4698 A 49 0
4700 A 47 0
4702 A 49 0
4704 A 51 0
4706 B 52 0
4708 A 53 0
4710 A 52 0
4712 A 49 0
4714 A 52 0
4716 A 53 0
4718 - 56 0
4720 - 59 0
4722 A 57 0
4724 A 54 0
4726 A 48 0
4728 - 50 0
4730 - 53 0
4732 - 52 0
4734 - 54 0
4736 - 56 0
4738 A 58 0
4740 A 56 0
4742 A 53 0
4744 - 52 0
4746 - 55 0
4750 - 61 0
4752 - 60 0
4754 A 58 0
4756 - 52 0
4758 - 49 0
4760 - 53 0
4762 - 55 0
4764 - 58 0
4766 - 60 0
4770 A 59 0
4772 - 54 0
4774 - 58 0
4778 - 60 0
4780 - 63 0
4782 - 61 0
4784 - 63 0
4786 - 60 0
4788 A 61 0
4790 - 55 0
4792 A 53 0
4794 - 49 0
4796 - 47 0
4798 A 46 0
4800 - 40 0
4802 A 38 0
4804 A 37 0
4806 A 30 0
4808 A 28 0
4810 A 21 0
4812 A 19 0
4814 A 12 0
4816 A 10 0
4818 A 6 0
4820 A 4 0
4822 A
4826 A -1 0
4828 A -2 0
4830 A -6 0
4832 A -7 0
4834 A -12 0
4838 A -13 0
4840 A -18 0
4844 A -20 0
4850 A -22 0
4852 A -21 0
4856 A -22 0
4860 A -24 0
4864 A -23 0
4866 A -22 0
4868 A -21 0
4870 A -20 0
4872 A -19 0
4874 A -18 0
4876 A -17 0
4878 A -15 0
4880 A -14 0
4882 A -13 0
4884 A -12 0
4886 A -11 0
4888 A -8 0
4890 A -7 0
4892 A -4 0
4894 A -3 0
4896 A -1 0
4898 A
4900 A 2 0
4904 A 5 0
4908 A 8 0
4910 A 9 0
4912 A 11 0
4914 A 12 0
4916 A 14 0
4918 A 15 0
4920 A 16 0
4922 A 17 0
4924 A 18 0
4926 A 19 0
4930 A 18 0
4932 A 19 0
4934 A 18 0
4936 A 19 0
4938 A 18 0
4940 A 17 0
4942 A 16 0
4946 A 14 0
4950 A 13 0
4952 A 12 0
4954 A 11 0
4956 A 10 0
4958 A 9 0
4962 A 7 0
4964 A 6 0
4968 A 4 0
4970 A 2 0
4974 A
4978 A -1 0
4980 A -3 0
4984 A -5 0
4988 A -8 0
4990 A -10 0
4994 A -13 0
4998 A -15 0
5000 A -17 0
5004 A -18 0
5008 A -19 0
5010 A -20 0
5014 A -19 0
5018 A -18 0
5022 A -16 0
5024 A -15 0
5026 A -14 0
5028 A -12 0
5030 A -10 0
5034 A -7 0
5036 A -5 0
5040 A -3 0
5044 B
5046 B 3 0
5050 B 7 0
5054 B 8 0
5056 B 11 0
5060 B 14 0
5062 B 17 0
5066 B 21 0
5068 B 22 0
5070 B 25 0
5072 B 26 0
5078 B 29 0
5082 B 32 0
5084 - 32 0
5086 A 33 0
5088 A 32 0
5090 A 33 0
5092 A 32 0
5102 A 31 0
5104 A 30 0
5106 A 29 0
5108 A 28 0
5110 A 27 0
5112 A 25 0
5114 A 24 0
5116 A 21 0
5118 A 20 0
5120 A 17 0
5122 A 16 0
5124 A 13 0
5126 A 12 0
5128 A 9 0
5132 A 6 0
5136 A 2 0
5140 A
5144 A -3 0
5148 A -7 0
5152 A -10 0
5156 A -13 0
5160 A -16 0
5164 A -18 0
5166 A -21 0
5168 A -20 0
5170 A -22 0
5174 A -24 0
5176 A -25 0
5182 B -25 0
5184 B -24 0
5188 A -23 0
5194 A -22 0
5198 A -21 0
5200 A -19 0
5204 A -17 0
5208 A -14 0
5210 A -13 0
5212 A -11 0
5216 B -9 0
5218 A -10 0
5220 A -8 0
5222 A -6 0
5224 A -4 0
5226 A -1 0
5232 A
5242 A 1 0
5244 A
5246 A 1 0
5250 A 2 0
5254 A 3 0
5256 B 4 0
5260 B 5 0
5262 B 4 0
5264 B 5 0
5266 A 5 0
5268 B 3 0
5272 B 1 0
5276 -
5280 - -1 0
5282 - -2 0
5284 - -3 0
5288 - -4 0
5290 - -5 0
5294 - -6 0
5296 - -7 0
5298 - -8 0
5302 - -9 0
5304 - -10 0
5310 - -14 0
5312 - -15 0
5314 - -19 0
5318 - -20 0
5320 - -21 0
5322 - -22 0
5324 - -26 0
5326 - -27 0
5328 - -30 0
5330 - -31 0
5332 - -34 0
5334 - -36 0
5336 - -38 0
5338 A -40 0
5340 - -42 0
5342 A -43 0
5344 - -45 0
5348 A -47 0
5350 - -47 0
5352 A -49 0
5354 - -51 0
5356 - -50 0
5358 A -51 0
5360 - -49 0
5362 A -50 0
5364 A -51 0
5366 A -52 0
5368 A -51 0
5372 A -52 0
5374 A -49 0
5378 A -43 0
5380 A -42 0
5382 A -37 0
5384 A -36 0
5386 - -33 0
5388 - -32 0
5390 - -31 0
5392 - -30 0
5396 - -25 0
5398 - -32 0
5400 - -35 0
5402 - -41 0
5404 - -46 0
5406 - -47 0
5408 - -52 0
5412 - -61 0
5414 - -59 0
5416 - -63 0
5418 - -60 0
5420 - -63 0
5422 - -66 0
5424 - -60 0
5426 - -61 0
5428 - -54 0
5430 A -54 0
5432 - -54 0
5434 B -46 0
5436 B -45 0
5438 B -36 0
5440 B -35 0
5442 B -34 0
5444 B -25 0
5446 B -24 0
5448 B -15 0
5450 B -13 0
5452 - -12 0
5454 - -11 0
5458 - -10 0
5460 -
5466 - 20 0
5468 - 21 0
5470 - 22 0
5472 - 41 0
5474 - 43 0
5476 - 44 0
5478 - 63 0
5480 - 65 0
5482 - 67 0
5484 - 80 0
5490 B 80 0
5526 A 80 0
5536 A 76 0
5538 A 71 0
5540 A 67 0
5542 A 54 0
5544 A 48 0
5546 A 43 0
5548 A 39 0
5550 A 35 0
5552 A 21 0
5554 A 17 0
5556 A 13 0
5558 A 10 0
5560 A 7 0
5562 A 4 0
5564 A -8 0
5566 A -11 0
5568 A -13 0
5570 A -15 0
5572 A -17 0
5574 A -29 0
5576 A -30 0
5578 A -31 0
5584 A -42 0
5586 A -43 0
5594 A -42 0
5598 A -52 0
5600 A -53 0
5604 -
