# Time attack: Jungle, car 11, driven on the racing line.
#
# Written by n64/tools/n64drive.py (plan 'ta_jungle_car11'); the driver saw:
#   TOP GEAR RALLY: row 2
#   TRACK SELECT: row 2
#   P1 car 1
#   cheats: cars car9 car10 car11 car12 car15 tracks mirrors
#   TOP GEAR RALLY: row 2
#   TRACK SELECT: row 4
#   P1 car 11 handling=Type 3 transmission=Automatic tires=Normal suspension=Softer
#   race 2400 frames; P1 drove 0.22 laps
frames 5597
0 -
80 A
88 -
294 START
302 -
456 - 80 0
464 -
488 - 80 0
496 -
532 A
540 -
590 A
598 -
696 START
720 -
734 A
758 -
772 A
796 -
810 A
834 -
848 A
872 -
886 A
916 -
964 A
972 -
980 DL
988 -
996 DL
1004 -
1012 CD
1020 -
1028 A
1036 -
1044 DR
1052 -
1060 Z
1068 -
1084 DU
1092 -
1100 DU
1108 -
1116 Z
1124 -
1132 B
1140 -
1148 A
1156 -
1164 DL
1172 -
1180 DL
1188 -
1204 DD
1212 -
1220 A
1228 -
1236 DR
1244 -
1252 Z
1260 -
1268 DR
1276 -
1284 DU
1292 -
1300 CD
1308 -
1324 CD
1332 -
1340 DU
1348 -
1356 B
1364 -
1372 DR
1380 -
1388 A
1396 -
1404 CD
1412 -
1420 A
1428 -
1436 DR
1444 -
1460 B
1468 -
1476 B
1484 -
1492 A
1500 -
1508 DL
1516 -
1524 DL
1532 -
1540 CD
1548 -
1556 A
1564 -
1572 DR
1580 -
1596 DR
1604 -
1612 DU
1620 -
1628 DL
1636 -
1644 CD
1652 -
1660 CD
1668 -
1676 A
1684 -
1692 DR
1700 -
1708 Z
1716 -
1732 A
1740 -
1748 DL
1756 -
1764 DL
1772 -
1780 DR
1788 -
1796 DD
1804 -
1812 Z
1820 -
1836 DR
1844 -
1852 DU
1860 -
1868 DL
1876 -
1884 CD
1892 -
1900 DR
1908 -
1916 DD
1924 -
1932 Z
1940 -
1948 START
1956 -
2016 DU
2024 -
2064 START
2072 -
2120 A
2128 -
2166 - 80 0
2174 -
2198 - 80 0
2206 -
2242 A
2250 -
2348 - 80 0
2372 -
2386 - 80 0
2410 -
2424 - 80 0
2448 -
2462 - 80 0
2486 -
2500 - 80 0
2524 -
2538 - 80 0
2562 -
2576 - 80 0
2600 -
2614 - 80 0
2638 -
2652 - 80 0
2676 -
2690 - 80 0
2714 -
2728 A
2752 -
2766 - 80 0
2790 -
2804 - 80 0
2828 -
2842 A
2866 -
2880 A
2904 -
2918 - 80 0
2942 -
2956 - 80 0
2980 -
2994 A
3018 -
3032 - 80 0
3056 -
3070 - 80 0
3094 -
3108 A
3132 -
3146 A
3176 -
3196 A
3588 A -2 0
3594 A -3 0
3598 A -5 0
3604 A -6 0
3606 A -7 0
3618 A -6 0
3622 A -5 0
3628 A -4 0
3630 A -3 0
3632 A -2 0
3634 A -1 0
3636 A
3640 A 2 0
3642 A 3 0
3644 A 5 0
3646 A 6 0
3648 A 8 0
3650 A 10 0
3652 A 11 0
3654 A 13 0
3656 A 15 0
3658 A 17 0
3660 A 18 0
3662 A 20 0
3664 A 22 0
3666 A 23 0
3668 A 24 0
3670 A 26 0
3674 A 27 0
3678 A 26 0
3680 A 25 0
3682 A 24 0
3684 A 21 0
3686 A 19 0
3688 A 17 0
3690 - 13 0
3692 A 11 0
3694 - 8 0
3696 - 5 0
3698 - 3 0
3700 - 1 0
3702 - -1 0
3704 - -3 0
3706 - -15 0
3708 - -17 0
3710 - -18 0
3712 - -29 0
3714 - -30 0
3716 - -31 0
3718 - -40 0
3720 - -41 0
3724 - -47 0
3726 - -45 0
3728 - -44 0
3730 - -46 0
3732 - -44 0
3734 - -41 0
3738 - -38 0
3740 A -35 0
3742 A -32 0
3744 A -29 0
3746 A -26 0
3748 - -22 0
3750 A -18 0
3752 A -15 0
3754 - -10 0
3756 - -7 0
3758 - -5 0
3760 A
3762 A 2 0
3764 A 4 0
3766 A 5 0
3768 A 11 0
3770 A 12 0
3772 A 13 0
3774 A 18 0
3776 A 19 0
3778 A 20 0
3780 A 25 0
3784 A 24 0
3786 A 16 0
3788 A 15 0
3790 A 14 0
3792 A 7 0
3794 A 5 0
3796 A 4 0
3798 A -1 0
3800 A -3 0
3802 A -4 0
3804 A -9 0
3806 A -10 0
3808 A -12 0
3810 A -15 0
3812 A -16 0
3814 A -18 0
3816 A -19 0
3818 A -20 0
3820 A -21 0
3822 A -20 0
3824 A -21 0
3826 A -19 0
3832 A -17 0
3834 A -16 0
3836 A -15 0
3838 A -20 0
3842 A -19 0
3844 A -22 0
3848 A -24 0
3850 A -23 0
3852 A -22 0
3856 A -21 0
3858 A -20 0
3860 A -19 0
3862 A -18 0
3864 A -15 0
3866 A -14 0
3868 A -13 0
3870 A -10 0
3872 A -9 0
3874 A -8 0
3876 A -4 0
3878 A -3 0
3882 A
3886 A 4 0
3888 A 5 0
3892 A 9 0
3896 A 14 0
3900 A 13 0
3902 A 17 0
3906 A 20 0
3908 A 19 0
3910 A 22 0
3912 A 21 0
3914 A 20 0
3916 A 21 0
3918 A 20 0
3920 A 18 0
3922 A 16 0
3924 A 14 0
3926 A 12 0
3928 A 10 0
3930 A 8 0
3932 A 6 0
3934 A 5 0
3936 A 4 0
3938 A 3 0
3940 A 1 0
3942 A
3946 A -2 0
3948 A -4 0
3950 A -5 0
3952 A -7 0
3954 A -8 0
3956 A -10 0
3958 A -11 0
3960 A -13 0
3962 A -14 0
3964 A -15 0
3966 A -16 0
3968 A -17 0
3972 A -18 0
3976 A -19 0
3978 A -18 0
3980 A -17 0
3982 A -16 0
3984 A -14 0
3986 A -12 0
3988 A -10 0
3990 A -8 0
3992 A -5 0
3994 A -4 0
3996 A -2 0
3998 A
4000 A 1 0
4002 A 3 0
4004 A 4 0
4006 A 6 0
4008 A 7 0
4010 A 8 0
4012 A 9 0
4014 A 11 0
4016 A 12 0
4020 A 13 0
4024 A 14 0
4034 A 13 0
4036 A 12 0
4040 A 11 0
4042 A 10 0
4044 A 8 0
4046 A 7 0
4048 A 6 0
4050 A 5 0
4052 A 4 0
4054 A 3 0
4056 A 2 0
4058 A
4064 A -1 0
4066 A -2 0
4070 A -4 0
4072 A -5 0
4076 A -6 0
4078 A -7 0
4080 A -8 0
4084 A -9 0
4086 A -10 0
4090 A -11 0
4092 A -10 0
4094 A -11 0
4102 A -10 0
4106 A -11 0
4108 A -10 0
4122 A -9 0
4130 A -8 0
4134 A -7 0
4136 A -6 0
4138 A -5 0
4142 A -4 0
4150 A -5 0
4152 B -5 0
4154 B -6 0
4158 B -7 0
4164 B -8 0
4170 B -7 0
4172 B -8 0
4174 B -7 0
4176 B -8 0
4178 B -7 0
4180 B -8 0
4182 B -7 0
4184 B -8 0
4186 B -3 0
4188 B -9 0
4190 B -3 0
4192 B -4 0
4194 B 1 0
4200 B 6 0
4204 B 11 0
4210 B 15 0
4212 - 11 0
4216 - 15 0
4218 - 16 0
4220 - 19 0
4224 - 20 0
4226 - 22 0
4228 - 23 0
4230 - 24 0
4232 - 25 0
4234 - 26 0
4236 - 27 0
4240 - 28 0
4242 - 29 0
4244 - 28 0
4250 - 26 0
4252 - 25 0
4254 A 25 0
4256 A 21 0
4258 A 20 0
4260 A 19 0
4262 A 15 0
4264 A 14 0
4266 A 10 0
4268 A 8 0
4270 A 7 0
4272 A 3 0
4274 A 2 0
4276 A 1 0
4278 A -2 0
4280 A -3 0
4282 A -4 0
4284 A 8 0
4290 A 20 0
4292 A 28 0
4294 A 34 0
4296 A 35 0
4300 A 39 0
4304 A 38 0
4306 B 39 0
4308 A 38 0
4310 A 36 0
4312 A 34 0
4314 A 33 0
4316 A 31 0
4318 A 27 0
4320 A 24 0
4322 A 19 0
4324 A 17 0
4326 A 15 0
4328 A 13 0
4330 A 11 0
4332 A 10 0
4334 A 3 0
4336 A 2 0
4340 A -5 0
4342 A -6 0
4346 A -14 0
4350 A -21 0
4352 A -22 0
4354 A -21 0
4356 A -28 0
4358 A -27 0
4362 A -32 0
4364 A -31 0
4366 A -29 0
4368 A -34 0
4370 A -32 0
4372 A -29 0
4374 A -32 0
4376 A -30 0
4378 A -35 0
4380 A -33 0
4382 A -30 0
4386 A -27 0
4388 A -23 0
4390 A -11 0
4392 A -7 0
4394 A 3 0
4396 A 7 0
4398 B 11 0
4400 B 21 0
4402 B 24 0
4404 B 27 0
4406 - 29 0
4408 - 31 0
4410 - 38 0
4412 - 39 0
4414 - 40 0
4416 - 45 0
4418 - 46 0
4420 - 45 0
4422 - 47 0
4424 - 45 0
4426 - 50 0
4428 - 48 0
4430 - 45 0
4432 - 47 0
4434 - 44 0
4436 A 40 0
4438 A 37 0
4440 A 36 0
4442 A 33 0
4444 A 29 0
4446 A 26 0
4448 A 23 0
4450 A 19 0
4452 A 15 0
4454 A 12 0
4456 A 9 0
4458 A 4 0
4460 A 1 0
4462 A
4464 A -1 0
4466 A -6 0
4468 A -8 0
4470 A -9 0
4472 A -15 0
4474 A -16 0
4476 A -17 0
4478 A -23 0
4484 A -29 0
4486 A -28 0
4488 A -27 0
4490 A -28 0
4492 A -27 0
4494 A -25 0
4498 A -23 0
4500 A -21 0
4504 A -19 0
4506 A -16 0
4510 A -14 0
4512 A -11 0
4516 A -9 0
4518 A -5 0
4520 A -1 0
4522 A
4524 A 2 0
4526 A 5 0
4528 A 7 0
4530 A 8 0
4532 A 10 0
4534 A 11 0
4536 A 12 0
4538 A 13 0
4540 A 12 0
4544 A 11 0
4548 A 10 0
4550 A 9 0
4554 A 8 0
4556 A 7 0
4560 A 5 0
4564 A 4 0
4566 A 3 0
4570 A 4 0
4574 A 5 0
4580 A 6 0
4590 A 7 0
4604 A 9 0
4606 A 8 0
4608 A 9 0
4610 A 7 0
4614 A 6 0
4616 A 7 0
4618 A 5 0
4620 A 6 0
4622 A 4 0
4626 A 3 0
4630 A 4 0
4632 A 2 0
4634 A 3 0
4636 A 1 0
4640 A
4644 A -1 0
4648 A -2 0
4652 A -4 0
4656 A -6 0
4660 A -9 0
4664 A -12 0
4666 A -14 0
4668 A -15 0
4670 A -17 0
4672 A -16 0
4674 A -18 0
4676 A -17 0
4678 A -16 0
4680 A -15 0
4682 B -14 0
4684 A -13 0
4686 B -11 0
4688 B -10 0
4690 B -9 0
4692 B -8 0
4694 B -6 0
4696 B -5 0
4698 B -3 0
4700 - -3 0
4702 - -1 0
4706 -
4708 - 1 0
4710 - 3 0
4712 - 4 0
4714 - 6 0
4716 - 7 0
4718 - 9 0
4722 - 12 0
4726 - 14 0
4730 B 15 0
4734 B 14 0
4736 B 13 0
4738 B 12 0
4740 B 13 0
4742 A 12 0
4744 B 17 0
4746 B 16 0
4748 B 19 0
4750 B 18 0
4752 B 17 0
4754 B 19 0
4756 A 18 0
4758 B 19 0
4760 B 18 0
4762 - 16 0
4764 - 15 0
4766 - 14 0
4768 - 13 0
4772 - 12 0
4774 - 11 0
4776 A 10 0
4778 A 9 0
4780 A 8 0
4782 A 7 0
4784 A 6 0
4786 A 4 0
4788 A 3 0
4792 A 8 0
4794 A 7 0
4796 A 8 0
4798 A 12 0
4802 B 15 0
4804 A 15 0
4808 A 17 0
4812 A 18 0
4820 A 17 0
4824 A 15 0
4830 A 12 0
4834 A 9 0
4836 A 8 0
4840 A 12 0
4844 A 15 0
4848 A 16 0
4850 A 17 0
4854 A 18 0
4858 A 17 0
4864 A 15 0
4866 A 14 0
4868 A 12 0
4870 A 11 0
4874 A 8 0
4876 A 7 0
4880 A 3 0
4884 A
4898 A -1 0
4902 A
4904 A -2 0
4906 A -1 0
4908 A -3 0
4912 A -5 0
4914 A -4 0
4918 A -6 0
4922 A -8 0
4928 A -4 0
4932 A
4936 A 2 0
4938 A 3 0
4940 A 5 0
4942 A 6 0
4944 A 9 0
4946 A 10 0
4948 A 11 0
4950 A 12 0
4952 A 13 0
4962 A 12 0
4966 A 10 0
4970 A 8 0
4974 A 6 0
4976 A 5 0
4978 A
4982 A -5 0
4984 A -6 0
4986 B -11 0
4988 - -11 0
4990 - -16 0
4994 - -20 0
4998 - -23 0
5004 - -25 0
5006 - -24 0
5008 - -25 0
5010 - -23 0
5014 - -21 0
5018 A -19 0
5020 A -17 0
5022 A -15 0
5024 A -13 0
5026 A -11 0
5028 A -9 0
5030 A -7 0
5032 A -5 0
5034 A -3 0
5036 A -1 0
5038 A
5040 A 1 0
5042 A 2 0
5044 A 4 0
5046 A 5 0
5048 A 7 0
5050 A 8 0
5052 A 10 0
5056 A 13 0
5060 A 15 0
5064 A 18 0
5068 A 19 0
5072 A 20 0
5074 A 19 0
5076 A 15 0
5078 A 13 0
5080 A 9 0
5082 A 7 0
5084 A 3 0
5086 A 1 0
5088 A -1 0
5090 A -3 0
5092 B -6 0
5094 B -8 0
5096 - -10 0
5098 - -12 0
5100 - -14 0
5102 - -15 0
5104 - -17 0
5106 - -19 0
5108 - -20 0
5110 - -21 0
5112 - -22 0
5114 - -23 0
5118 - -24 0
5126 - -25 0
5128 - -24 0
5130 - -25 0
5140 - -28 0
5142 - -29 0
5144 - -30 0
5146 - -31 0
5148 - -32 0
5154 B -32 0
5156 B -31 0
5158 B -29 0
5160 B -27 0
5162 B -24 0
5164 A -22 0
5166 A -20 0
5168 A -15 0
5170 A -13 0
5172 A -8 0
5174 A -6 0
5176 A -5 0
5178 A
5180 A 1 0
5182 A 5 0
5184 A 7 0
5186 A 6 0
5188 A 7 0
5190 A 8 0
5192 A 7 0
5200 B 7 0
5204 A 7 0
5210 B 7 0
5214 B 6 0
5216 B 7 0
5220 A 6 0
5222 B 7 0
5224 B 6 0
5226 B 8 0
5228 - 4 0
5230 - 3 0
5232 - 5 0
5236 - 4 0
5238 - 6 0
5242 - 5 0
5244 - 7 0
5248 - 6 0
5250 - 9 0
5252 - 8 0
5256 -
5258 - -1 0
5260 - -2 0
5262 - -9 0
5264 - -10 0
5266 - -12 0
5268 - -17 0
5270 - -19 0
5272 - -20 0
5274 - -24 0
5276 - -25 0
5280 - -27 0
5282 - -28 0
5288 - -27 0
5290 - -26 0
5292 - -25 0
5294 - -24 0
5296 A -23 0
5298 A -20 0
5300 A -18 0
5302 A -17 0
5304 A -16 0
5306 A -12 0
5308 A -11 0
5310 A -9 0
5312 A -5 0
5314 A -4 0
5316 A -3 0
5318 A -14 0
5324 - -23 0
5326 - -24 0
5330 - -31 0
5336 - -34 0
5344 - -33 0
5346 - -32 0
5348 - -30 0
5350 - -29 0
5352 - -27 0
5354 - -26 0
5356 A -24 0
5358 A -23 0
5360 A -18 0
5362 A -16 0
5364 A -15 0
5366 A -9 0
5368 A -7 0
5370 A -6 0
5374 A 1 0
5378 A 2 0
5380 A 9 0
5382 A 10 0
5386 A 17 0
5388 A 18 0
5394 A 24 0
5398 A 23 0
5400 A 29 0
5402 A 28 0
5404 A 27 0
5406 A 32 0
5408 A 30 0
5410 A 29 0
5412 A 32 0
5414 A 30 0
5416 A 28 0
5418 A 26 0
5420 A 28 0
5422 A 25 0
5424 A 23 0
5426 A 24 0
5428 A 21 0
5430 A 18 0
5432 A 1 0
5434 A -2 0
5436 A -18 0
5438 A -22 0
5440 - -37 0
5442 - -49 0
5444 - -52 0
5446 - -45 0
5448 - -56 0
5452 - -57 0
5454 A -64 0
5456 A -63 0
5460 A -68 0
5464 A -65 0
5466 A -63 0
5468 A -60 0
5470 A -56 0
5472 A -53 0
5474 A -47 0
5476 A -43 0
5478 A -39 0
5480 A -31 0
5482 A -26 0
5484 A -17 0
5486 A -13 0
5488 A -9 0
5490 A
5492 A 3 0
5494 A 6 0
5496 A 9 0
5498 A 12 0
5502 A 10 0
5504 A 7 0
5506 A 8 0
5508 A 5 0
5510 A 3 0
5512 A 5 0
5514 A 3 0
5516 A 5 0
5518 A 3 0
5520 A 1 0
5522 A 4 0
5524 A 2 0
5526 A 5 0
5528 A 4 0
5530 A 3 0
5532 A 6 0
5534 A 5 0
5538 A 8 0
5540 A 7 0
5542 A 10 0
5544 A 9 0
5548 A 12 0
5552 A 14 0
5556 A 16 0
5558 A 15 0
5560 A 14 0
5562 A 12 0
5564 A 10 0
5566 A 7 0
5568 A 6 0
5570 A 3 0
5572 A 2 0
5574 A -1 0
5576 A -3 0
5578 A -5 0
5580 A -7 0
5582 A -9 0
5584 A -10 0
5586 A -12 0
5588 A -13 0
5590 A -14 0
5592 A -15 0
5596 -
