# Time attack: Mirror Mountain, car 12, driven on the racing line.
#
# Written by n64/tools/n64drive.py (plan 'ta_mmountain_car12'); the driver saw:
#   TOP GEAR RALLY: row 2
#   TRACK SELECT: row 2
#   P1 car 1
#   cheats: cars car9 car10 car11 car12 car15 tracks mirrors
#   TOP GEAR RALLY: row 2
#   TRACK SELECT: row 6
#   P1 car 12 handling=Type 2 transmission=Manual tires=Slippy suspension=Harder
#   race 2400 frames; P1 drove 0.08 laps
frames 5623
0 -
80 A
88 -
294 START
302 -
456 - 80 0
464 -
488 - 80 0
496 -
532 A
540 -
590 A
598 -
696 START
720 -
734 A
758 -
772 A
796 -
810 A
834 -
848 A
872 -
886 A
916 -
964 A
972 -
980 DL
988 -
996 DL
1004 -
1012 CD
1020 -
1028 A
1036 -
1044 DR
1052 -
1060 Z
1068 -
1084 DU
1092 -
1100 DU
1108 -
1116 Z
1124 -
1132 B
1140 -
1148 A
1156 -
1164 DL
1172 -
1180 DL
1188 -
1204 DD
1212 -
1220 A
1228 -
1236 DR
1244 -
1252 Z
1260 -
1268 DR
1276 -
1284 DU
1292 -
1300 CD
1308 -
1324 CD
1332 -
1340 DU
1348 -
1356 B
1364 -
1372 DR
1380 -
1388 A
1396 -
1404 CD
1412 -
1420 A
1428 -
1436 DR
1444 -
1460 B
1468 -
1476 B
1484 -
1492 A
1500 -
1508 DL
1516 -
1524 DL
1532 -
1540 CD
1548 -
1556 A
1564 -
1572 DR
1580 -
1596 DR
1604 -
1612 DU
1620 -
1628 DL
1636 -
1644 CD
1652 -
1660 CD
1668 -
1676 A
1684 -
1692 DR
1700 -
1708 Z
1716 -
1732 A
1740 -
1748 DL
1756 -
1764 DL
1772 -
1780 DR
1788 -
1796 DD
1804 -
1812 Z
1820 -
1836 DR
1844 -
1852 DU
1860 -
1868 DL
1876 -
1884 CD
1892 -
1900 DR
1908 -
1916 DD
1924 -
1932 Z
1940 -
1948 START
1956 -
2016 DU
2024 -
2064 START
2072 -
2120 A
2128 -
2166 - 80 0
2174 -
2198 - 80 0
2206 -
2230 - 80 0
2238 -
2262 - 80 0
2270 -
2306 A
2314 -
2412 - 80 0
2436 -
2450 - 80 0
2474 -
2488 - 80 0
2512 -
2526 - 80 0
2550 -
2564 - 80 0
2588 -
2602 - 80 0
2626 -
2640 - 80 0
2664 -
2678 - 80 0
2702 -
2716 - 80 0
2740 -
2754 - 80 0
2778 -
2792 - 80 0
2816 -
2830 A
2854 -
2868 - 80 0
2892 -
2906 A
2930 -
2944 - 80 0
2968 -
2982 A
3006 -
3020 - 80 0
3044 -
3058 A
3082 -
3096 - 80 0
3120 -
3134 A
3158 -
3172 A
3202 -
3222 A
3564 A 1 0
3576 A+R 1 0
3578 A+R 2 0
3588 A 3 0
3602 A 4 0
3614 A 5 0
3620 A 7 0
3628 A 9 0
3634 A 10 0
3638 A 11 0
3648 A+R 12 0
3660 A 12 0
3670 A 11 0
3676 A 10 0
3680 A 9 0
3682 A 8 0
3686 A 7 0
3688 A 6 0
3690 A 5 0
3694 A 3 0
3696 A 1 0
3698 A
3702 A -1 0
3704 A -3 0
3706 A -4 0
3708 A -5 0
3710 A -7 0
3714 A -9 0
3716 A -10 0
3718 A -11 0
3720 A -13 0
3722 A -14 0
3724 A -15 0
3726 A -16 0
3728 A -17 0
3730 A -18 0
3732 A -19 0
3734 A -21 0
3736 A+R -22 0
3738 A+R -23 0
3740 A+R -24 0
3742 A+R -26 0
3744 A+R -27 0
3746 A+R -28 0
3748 A -29 0
3750 A -31 0
3752 A -32 0
3754 A -34 0
3756 A -35 0
3758 A -37 0
3760 A -40 0
3764 A -43 0
3766 - -37 0
3768 - -44 0
3770 - -42 0
3772 - -45 0
3774 - -43 0
3776 - -45 0
3778 - -43 0
3780 - -45 0
3782 - -48 0
3784 - -44 0
3786 - -46 0
3788 B -42 0
3790 B -43 0
3792 A -39 0
3794 B -40 0
3796 B -37 0
3800 B -38 0
3802 B -34 0
3804 B -35 0
3806 B -29 0
3810 - -29 0
3812 - -23 0
3814 B -26 0
3816 - -37 0
3818 - -31 0
3820 - -34 0
3822 - -37 0
3824 - -31 0
3826 - -33 0
3828 - -35 0
3830 - -28 0
3832 - -29 0
3834 - -30 0
3836 Z -23 0
3838 Z -24 0
3840 Z -25 0
3842 B+Z -18 0
3846 B+Z -19 0
3848 B -13 0
3854 B -7 0
3860 B -2 0
3864 - -8 0
3868 - -2 0
3876 - 2 0
3878 - 3 0
3884 - 20 0
3886 - 21 0
3888 - 22 0
3892 - 36 0
3894 - 37 0
3896 - 38 0
3898 - 40 0
3900 - 50 0
3902 - 52 0
3904 - 54 0
3906 - 55 0
3908 - 63 0
3910 - 65 0
3912 - 67 0
3914 - 69 0
3916 - 73 0
3918 - 75 0
3920 - 78 0
3922 - 80 0
3926 B 80 0
3934 B+Z 80 0
3938 A+Z 80 0
3942 B+Z 80 0
3944 A+Z 80 0
3946 A 80 0
3948 B 80 0
3950 A 80 0
3954 B 80 0
3956 A 80 0
3968 B 80 0
3970 A 80 0
3982 A 76 0
3984 A 68 0
3986 A 70 0
3988 A 71 0
3990 A 72 0
3992 A 74 0
3994 A 72 0
3996 A 73 0
4002 A 74 0
4004 A 69 0
4006 A 68 0
4010 A 67 0
4012 A 61 0
4014 A 59 0
4016 A 58 0
4018 A 56 0
4020 A 50 0
4022 A 52 0
4024 A 54 0
4026 A 57 0
4028 A 48 0
4030 A 50 0
4032 A 51 0
4034 A 53 0
4036 A 55 0
4038 A 51 0
4040 A+R 53 0
4042 A+R 54 0
4044 A+R 55 0
4046 A+R 49 0
4048 A+R 51 0
4050 A+R 53 0
4052 A 55 0
4054 A 50 0
4056 A 51 0
4058 A 53 0
4060 A 48 0
4062 A 51 0
4064 A 53 0
4066 A 55 0
4068 A 49 0
4070 A 50 0
4072 A 52 0
4074 A 45 0
4076 A 46 0
4078 A 48 0
4080 A 41 0
4082 A 43 0
4084 A 45 0
4086 A 39 0
4088 A 41 0
4090 A 43 0
4092 A 37 0
4094 A 39 0
4096 A 42 0
4098 A 44 0
4100 A 42 0
4102 A+Z 37 0
4104 A+Z 33 0
4106 A+Z 21 0
4108 A+Z 31 0
4110 A+Z 30 0
4112 A+Z 28 0
4114 A 27 0
4116 A 12 0
4118 A 11 0
4128 A 12 0
4130 A -2 0
4132 A -3 0
4140 A -4 0
4142 A -6 0
4144 A -9 0
4146 A -26 0
4148 A -30 0
4150 A -35 0
4152 A -40 0
4154 A -44 0
4156 A -45 0
4158 A -47 0
4160 A -49 0
4162 A -51 0
4164 A -66 0
4166 A -68 0
4168 A -70 0
4170 A -73 0
4172 A -75 0
4174 A -78 0
4176 A -80 0
4212 B -80 0
4214 A -80 0
4218 B -80 0
4220 A -80 0
4224 B -80 0
4226 A -80 0
4232 B -80 0
4234 A -80 0
4240 B -80 0
4242 A -80 0
4254 A -68 0
4256 A -67 0
4258 A -65 0
4260 A -64 0
4262 A -68 0
4264 A -55 0
4266 A -60 0
4268 A -65 0
4270 A -69 0
4272 A -57 0
4274 A -61 0
4276 A -65 0
4278 A -68 0
4280 A -56 0
4282 A -58 0
4284 A -60 0
4286 A -62 0
4288 A -49 0
4290 A -50 0
4292 A -38 0
4296 A -28 0
4298 A -29 0
4300 A -18 0
4302 A+R -18 0
4308 A+R -7 0
4310 A+R -6 0
4314 A -6 0
4316 A 3 0
4320 A 4 0
4322 A 13 0
4326 A 14 0
4330 A 22 0
4332 A 23 0
4334 A 24 0
4336 A 31 0
4338 A 32 0
4340 A 33 0
4342 A 38 0
4344 A 40 0
4346 A 42 0
4348 A 57 0
4350 A 59 0
4352 A 61 0
4354 A 66 0
4356 A 68 0
4358 A 71 0
4360 A 76 0
4362 A 78 0
4364 A 80 0
4382 A 79 0
4384 A 73 0
4386 A 71 0
4390 A 68 0
4392 A 72 0
4394 A 77 0
4396 A 73 0
4398 A 74 0
4400 A 75 0
4402 A 78 0
4404 A 80 0
4416 A 75 0
4418 A 76 0
4420 A 67 0
4422 A 68 0
4424 A 70 0
4426 A 60 0
4430 A 61 0
4432 A 51 0
4438 A 40 0
4440 A 39 0
4442 A 40 0
4444 A 31 0
4446 A 32 0
4448 - 32 0
4450 - 19 0
4452 - 20 0
4454 - 19 0
4456 - 5 0
4458 - 2 0
4460 -
4462 - -12 0
4464 - -13 0
4466 - -14 0
4468 A -14 0
4470 A -26 0
4474 A -27 0
4476 A -36 0
4478 - -36 0
4482 - -35 0
4484 - -42 0
4486 - -41 0
4488 A -41 0
4490 - -51 0
4494 - -52 0
4496 A -53 0
4498 - -60 0
4500 - -61 0
4502 - -63 0
4504 A -64 0
4506 - -66 0
4508 - -72 0
4510 A -73 0
4512 - -74 0
4514 - -76 0
4516 B -79 0
4518 B -80 0
4524 A -80 0
4528 B -80 0
4530 A -80 0
4532 B -80 0
4534 - -80 0
4540 A -80 0
4544 - -74 0
4548 A -63 0
4550 A+Z -56 0
4552 A+Z -61 0
4554 A+Z -55 0
4556 A+Z -58 0
4558 Z -60 0
4560 A+Z -62 0
4562 - -65 0
4564 - -67 0
4566 - -59 0
4568 A -61 0
4570 - -63 0
4572 - -65 0
4574 - -57 0
4576 - -58 0
4578 - -60 0
4580 - -61 0
4582 - -57 0
4584 - -58 0
4586 - -59 0
4588 - -61 0
4590 - -56 0
4592 - -57 0
4594 - -58 0
4596 - -60 0
4598 - -59 0
4600 - -60 0
4602 - -61 0
4604 - -62 0
4606 - -63 0
4608 - -61 0
4610 - -62 0
4612 - -63 0
4614 - -64 0
4616 - -66 0
4618 - -67 0
4620 - -66 0
4624 - -67 0
4626 - -68 0
4628 - -69 0
4630 - -71 0
4632 - -67 0
4634 - -68 0
4636 - -69 0
4638 - -70 0
4640 - -71 0
4642 - -70 0
4644 - -71 0
4646 - -72 0
4648 - -73 0
4650 - -74 0
4652 - -75 0
4654 - -76 0
4656 - -73 0
4658 - -74 0
4660 - -75 0
4662 - -76 0
4664 - -78 0
4670 - -79 0
4672 - -80 0
4678 A -80 0
4680 - -80 0
4682 B -80 0
4686 A -80 0
4690 B -80 0
4692 A -80 0
4696 B -80 0
4698 A -80 0
4702 B -80 0
4704 A -80 0
4708 B -80 0
4710 A -80 0
4714 B -80 0
4716 A -80 0
4722 B -80 0
4724 A -80 0
4736 - -80 0
4738 A -80 0
4742 A -78 0
4744 A -76 0
4746 A -74 0
4748 A -73 0
4750 A -71 0
4752 A -69 0
4754 A -68 0
4756 A -65 0
4758 A -63 0
4760 A -61 0
4762 A -59 0
4764 A -57 0
4766 A -55 0
4768 A -54 0
4770 A -53 0
4772 A -52 0
4774 A -46 0
4776 A -45 0
4778 A -44 0
4782 A -41 0
4784 A -40 0
4786 A -45 0
4788 A -50 0
4790 A -54 0
4792 A -59 0
4794 A -64 0
4796 A -63 0
4798 A -67 0
4800 A -71 0
4802 A -72 0
4804 A -73 0
4806 A -76 0
4808 A -78 0
4810 A -80 0
4812 A+R -80 0
4820 A+R -76 0
4822 A+R -70 0
4824 - -73 0
4826 - -75 0
4828 A -77 0
4830 - -80 0
4834 A -80 0
4836 A -79 0
4838 A -70 0
4840 A -60 0
4842 A -49 0
4844 A -43 0
4846 A -46 0
4848 A -47 0
4850 A -49 0
4852 A -51 0
4854 A -49 0
4856 A -51 0
4858 A -53 0
4860 A -52 0
4862 A -43 0
4864 A -38 0
4866 A -30 0
4868 A -27 0
4870 A -29 0
4872 A -30 0
4874 A -29 0
4876 A -30 0
4878 A -31 0
4880 A -32 0
4882 A -31 0
4886 A -32 0
4888 A -33 0
4890 A -31 0
4892 A -33 0
4894 A -34 0
4896 A -33 0
4898 A -35 0
4900 A -37 0
4902 A -40 0
4904 A -38 0
4906 A -40 0
4908 A -42 0
4910 A -44 0
4912 A -45 0
4914 A -47 0
4918 A -49 0
4920 A -50 0
4922 A -48 0
4924 A -44 0
4926 A -43 0
4928 A -39 0
4930 A -36 0
4932 A+Z -30 0
4934 A+Z -28 0
4936 A+Z -27 0
4938 A+Z -28 0
4940 A+Z -29 0
4942 A+Z -30 0
4944 A -24 0
4946 A -25 0
4948 A -26 0
4952 A -27 0
4954 A -28 0
4956 A -29 0
4958 A -30 0
4960 A -26 0
4962 A -27 0
4966 A -28 0
4968 A -29 0
4970 A -28 0
4972 A -36 0
4974 A+Z -37 0
4986 A -36 0
4988 A -35 0
4992 A -34 0
5000 A -11 0
5084 A -12 0
5096 A 0 -80
5098 A -58 -80
5102 A -59 -80
5106 A -60 -80
5122 A -59 -80
5126 A -58 -80
5128 A -57 -80
5132 A -56 -80
5134 A -55 -80
5138 A -54 -80
5140 A -53 -80
5142 A -52 -80
5144 A -51 -80
5146 A -50 -80
5150 A -49 -80
5152 A -47 -80
5154 A -46 -80
5156 A -45 -80
5158 A -44 -80
5160 A -43 -80
5162 A -42 -80
5164 A -63 -80
5166 A -61 -80
5168 A -59 -80
5170 A -56 -80
5172 A -35 -80
5174 A -34 -80
5176 A -33 -80
5178 A -32 -80
5180 A -31 -80
5182 A -30 -80
5184 A -29 -80
5186 A -43 -80
5188 A -41 -80
5190 A -39 -80
5192 A -38 -80
5194 A -36 -80
5196 A -35 -80
5198 A -33 -80
5200 A -32 -80
5202 A -45 -80
5204 A -43 -80
5206 A -40 -80
5208 A -38 -80
5210 A -36 -80
5212 A -34 -80
5214 A -49 -80
5216 A -46 -80
5218 A -29 -80
5220 A -27 -80
5222 A -26 -80
5224 A -24 -80
5226 A -34 -80
5228 A -33 -80
5230 A -31 -80
5232 A -29 -80
5234 A -28 -80
5236 A -37 -80
5238 A -35 -80
5240 A -33 -80
5242 A -31 -80
5244 A -29 -80
5246 A -36 -80
5248 A -34 -80
5250 A -32 -80
5252 A -29 -80
5254 A -38 -80
5256 A -35 -80
5258 A -33 -80
5260 A -31 -80
5262 A -40 -80
5264 A -37 -80
5266 A -35 -80
5268 A -32 -80
5270 A -30 -80
5272 A -39 -80
5274 A -36 -80
5276 A -33 -80
5278 - 31 0
5280 R 29 0
5282 R 26 0
5284 R 35 0
5286 R 32 0
5288 R 30 0
5290 R 28 0
5292 - 26 0
5294 - 23 0
5296 - 30 0
5298 - 28 0
5300 - 25 0
5302 - 23 0
5304 - 21 0
5306 - 19 0
5308 - 23 0
5310 - 21 0
5312 - 19 0
5314 - 17 0
5316 - 16 0
5318 - 14 0
5320 - 12 0
5322 - 16 0
5324 - 14 0
5326 - 12 0
5328 - 11 0
5330 - 9 0
5332 - 13 0
5334 - 12 0
5336 - 10 0
5338 - 8 0
5340 - 7 0
5342 - 5 0
5344 - 4 0
5346 - 2 0
5348 - 6 0
5350 - 4 0
5352 - 3 0
5354 - 2 0
5356 -
5358 - 2 0
5360 -
5362 A 1 0
5364 A -8 0
5366 A -17 0
5368 A -23 0
5370 A -31 0
5372 A -39 0
5374 A -47 0
5376 A -54 0
5378 A -61 0
5382 A -60 0
5384 A -58 0
5386 A -56 0
5388 A -55 0
5390 A -54 0
5392 A -53 0
5394 A -52 0
5396 A -51 0
5398 A+Z -55 0
5400 A+Z -54 0
5402 A+Z -53 0
5404 A+Z -51 0
5406 A+Z -50 0
5408 A+Z -49 0
5410 A -48 0
5414 A -47 0
5416 A -46 0
5418 A -45 0
5422 A -44 0
5426 A -43 0
5428 A 0 -80
5430 A 80 -80
5610 A -80 0
5612 A+R -80 0
5622 -
