# The texture-filter and frame-end-effect cheats, then an arcade race on Mirror Mountain in fog.
#
# Written by n64/tools/n64drive.py (plan 'toggles_filter_fbfx'); the driver saw:
#   TOP GEAR RALLY: row 2
#   TRACK SELECT: row 2
#   P1 car 1
#   cheats: tracks mirrors filter fbfx
#   TOP GEAR RALLY: row 1
#   1P/2P SELECT: row 0
#   TRACK SELECT: row 6
#   WEATHER SELECT: row 1
#   P1 car 1 handling=Type 2 transmission=Automatic tires=Normal suspension=Normal
#   race 2400 frames; P1 drove 0.14 laps
frames 4803
0 -
80 A
88 -
294 START
302 -
456 - 80 0
464 -
488 - 80 0
496 -
532 A
540 -
590 A
598 -
696 START
720 -
734 A
758 -
772 A
796 -
810 A
834 -
848 A
872 -
886 A
916 -
964 A
972 -
980 DL
988 -
996 DL
1004 -
1012 DR
1020 -
1028 DD
1036 -
1044 Z
1052 -
1068 DR
1076 -
1084 DU
1092 -
1100 DL
1108 -
1116 CD
1124 -
1132 DR
1140 -
1148 DD
1156 -
1164 Z
1172 -
1188 B
1196 -
1204 DL
1212 -
1220 DR
1228 -
1236 DU
1244 -
1252 DL
1260 -
1268 Z
1276 -
1284 DR
1292 -
1308 CD
1316 -
1324 Z
1332 -
1340 B
1348 -
1356 DU
1364 -
1372 DU
1380 -
1388 DR
1396 -
1404 START
1412 -
1472 DU
1480 -
1520 START
1528 -
1564 - -80 0
1572 -
1608 A
1616 -
1666 A
1674 -
1712 - 80 0
1720 -
1744 - 80 0
1752 -
1776 - 80 0
1784 -
1808 - 80 0
1816 -
1852 A
1860 -
1898 - 80 0
1906 -
1942 A
1950 -
2048 A
2072 -
2086 - 80 0
2110 -
2124 A
2148 -
2162 A
2186 -
2200 - 80 0
2224 -
2238 - 80 0
2262 -
2276 A
2300 -
2314 A
2338 -
2352 A
2382 -
2402 A 13 0
2672 A 14 0
2698 A 15 0
2712 A 16 0
2720 A 17 0
2722 A 12 0
2732 A 13 0
2740 A 14 0
2742 A 9 0
2746 A 10 0
2750 A 8 0
2762 A 9 0
2768 A 7 0
2778 A 8 0
2782 A 6 0
2790 A 7 0
2796 A 5 0
2798 A 6 0
2808 A 5 0
2816 A 6 0
2820 A 4 0
2822 A 3 0
2828 A 4 0
2834 A 5 0
2842 A 6 0
2850 A 7 0
2858 A 8 0
2874 A 9 0
2894 A 10 0
2906 A 11 0
2908 A 10 0
2938 A 9 0
2942 A 10 0
2944 A 8 0
2946 A 9 0
2950 A 8 0
2956 A 9 0
2958 A 8 0
2964 A 7 0
2968 A 8 0
2970 A 7 0
2976 A 6 0
2978 A 7 0
2982 A 6 0
2986 A 5 0
2988 A 6 0
2992 A 5 0
2996 A 6 0
2998 A 5 0
3004 A 4 0
3006 A 5 0
3008 A 4 0
3012 A 5 0
3014 A 4 0
3016 A 5 0
3018 A 6 0
3020 A 7 0
3024 A 8 0
3026 A 9 0
3030 A 10 0
3034 A 11 0
3040 A 12 0
3046 B 13 0
3048 A 13 0
3054 B 14 0
3056 B 13 0
3060 - 15 0
3062 - 14 0
3066 - 15 0
3068 - 17 0
3072 - 18 0
3074 - 19 0
3078 - 20 0
3080 - 21 0
3084 - 22 0
3088 - 23 0
3094 - 24 0
3098 B 24 0
3102 B 25 0
3104 - 24 0
3108 - 25 0
3112 B 24 0
3116 B 25 0
3118 B 23 0
3122 A 23 0
3124 A 24 0
3126 A 21 0
3130 A 22 0
3132 A 29 0
3134 A 30 0
3136 A 31 0
3138 A 32 0
3140 A 38 0
3142 A 39 0
3144 A 40 0
3146 A 44 0
3148 A 45 0
3150 A 46 0
3152 A 48 0
3154 - 51 0
3156 A 52 0
3158 - 54 0
3160 A 55 0
3162 - 56 0
3164 A 58 0
3166 - 69 0
3168 - 70 0
3170 A 72 0
3172 - 74 0
3174 A 75 0
3176 - 80 0
3178 A 80 0
3182 - 80 0
3184 A 80 0
3200 B 80 0
3208 A 80 0
3210 A 71 0
3212 A 63 0
3214 A 62 0
3216 A 61 0
3218 A 59 0
3220 A 58 0
3222 A 52 0
3224 A 49 0
3226 A 47 0
3228 A 41 0
3230 A 39 0
3232 A 37 0
3234 A 36 0
3236 A 29 0
3238 A 27 0
3240 A 26 0
3242 A 25 0
3244 A 18 0
3246 A 17 0
3248 A 16 0
3250 A 10 0
3252 A 9 0
3254 A 4 0
3256 A 8 0
3258 A 2 0
3262 A -3 0
3270 A -8 0
3278 A -14 0
3286 A -19 0
3290 A -20 0
3294 A -25 0
3298 A -26 0
3300 A -30 0
3304 A -31 0
3306 A -32 0
3308 A -35 0
3310 A -36 0
3312 A -37 0
3314 A -40 0
3316 A -41 0
3318 A -43 0
3320 A -45 0
3322 A -46 0
3324 A -48 0
3328 A -49 0
3330 A -50 0
3332 A -49 0
3334 A -50 0
3336 A -51 0
3338 A -49 0
3340 A -50 0
3342 A -52 0
3344 A -49 0
3346 A -50 0
3348 A -52 0
3350 A -48 0
3352 A -49 0
3354 A -51 0
3356 A -46 0
3358 A -48 0
3360 A -49 0
3362 A -44 0
3364 A -45 0
3366 A -46 0
3368 A -40 0
3370 A -41 0
3372 A -35 0
3374 A -36 0
3376 A -37 0
3378 A -31 0
3382 A -32 0
3384 A -25 0
3386 A -26 0
3388 A -27 0
3390 A -20 0
3394 - -21 0
3396 A -10 0
3400 -
3406 - 9 0
3408 - 10 0
3412 - 19 0
3414 - 20 0
3416 - 21 0
3418 - 29 0
3420 - 30 0
3422 - 31 0
3424 - 38 0
3426 - 39 0
3428 - 40 0
3430 - 50 0
3432 - 51 0
3434 - 52 0
3436 - 60 0
3438 - 62 0
3440 - 63 0
3442 - 65 0
3444 - 71 0
3446 - 73 0
3448 - 75 0
3450 - 76 0
3452 - 79 0
3460 A 79 0
3464 A 78 0
3466 A 74 0
3468 A 72 0
3470 A 70 0
3472 A 68 0
3474 A 60 0
3476 A 57 0
3478 A 54 0
3480 A 52 0
3482 A 47 0
3484 A 45 0
3488 A 39 0
3490 A 36 0
3492 A 34 0
3494 A 27 0
3496 A 25 0
3498 A 24 0
3500 A 27 0
3502 A 28 0
3504 A 31 0
3506 A 33 0
3508 A 31 0
3510 A 34 0
3512 A 37 0
3514 A 35 0
3516 A 38 0
3518 A 41 0
3520 A 44 0
3522 A 47 0
3524 A 51 0
3526 A 49 0
3528 A 54 0
3530 A 59 0
3532 A 65 0
3534 A 64 0
3536 A 67 0
3538 A 70 0
3540 A 73 0
3542 A 68 0
3544 A 70 0
3546 A 71 0
3548 A 72 0
3550 A 65 0
3554 A 64 0
3556 A 55 0
3558 A 54 0
3560 A 53 0
3562 A 43 0
3564 A 42 0
3566 A 41 0
3568 A 30 0
3570 A 29 0
3572 A 27 0
3574 A 17 0
3576 A 15 0
3578 A 14 0
3580 A 4 0
3582 A 3 0
3584 A 1 0
3586 - -7 0
3588 - -8 0
3590 - -9 0
3592 - -17 0
3594 - -19 0
3596 - -29 0
3598 - -31 0
3600 - -34 0
3602 - -37 0
3604 - -47 0
3606 - -49 0
3608 - -52 0
3610 - -60 0
3612 - -62 0
3614 - -64 0
3616 - -70 0
3618 - -72 0
3620 - -74 0
3622 - -76 0
3624 B -79 0
3626 - -80 0
3640 - -79 0
3642 A -78 0
3644 A -76 0
3646 - -74 0
3648 A -69 0
3650 - -65 0
3652 A -62 0
3654 A -57 0
3656 A -53 0
3658 A -49 0
3660 A -46 0
3662 A -40 0
3664 A -37 0
3666 A -34 0
3668 A -32 0
3670 A -26 0
3672 - -27 0
3674 B -34 0
3676 - -45 0
3678 B -51 0
3680 B -52 0
3682 A -56 0
3684 A -48 0
3686 A -47 0
3688 B -42 0
3690 A -42 0
3692 B -43 0
3694 A -51 0
3696 A -52 0
3698 A -39 0
3700 B -40 0
3702 - -48 0
3704 - -49 0
3706 - -51 0
3708 - -43 0
3710 - -44 0
3712 - -45 0
3714 - -46 0
3716 - -38 0
3720 - -39 0
3722 - -40 0
3724 - -36 0
3728 - -37 0
3730 - -38 0
3732 - -33 0
3734 - -34 0
3738 - -35 0
3740 - -34 0
3744 - -35 0
3748 - -36 0
3750 - -34 0
3754 - -35 0
3758 - -36 0
3760 - -35 0
3762 - -36 0
3764 - -37 0
3768 - -38 0
3770 - -39 0
3772 - -37 0
3776 - -38 0
3778 - -39 0
3782 - -40 0
3784 - -41 0
3788 - -42 0
3790 - -43 0
3792 - -44 0
3794 - -45 0
3796 - -43 0
3798 - -44 0
3800 - -45 0
3802 - -46 0
3804 - -47 0
3806 - -50 0
3810 - -51 0
3812 - -52 0
3814 - -53 0
3816 - -54 0
3818 - -62 0
3820 - -63 0
3822 - -64 0
3824 A -64 0
3826 - -65 0
3828 - -72 0
3830 A -72 0
3832 - -72 0
3834 A -72 0
3836 - -72 0
3838 - -71 0
3840 A -75 0
3842 - -74 0
3844 A -72 0
3846 - -71 0
3848 A -69 0
3850 - -74 0
3852 A -71 0
3854 A -68 0
3856 - -65 0
3858 A -62 0
3860 A -58 0
3862 A -54 0
3864 A -51 0
3866 A -50 0
3868 A -47 0
3870 A -44 0
3872 A -41 0
3874 A -39 0
3876 A -36 0
3878 A -34 0
3880 A -32 0
3882 A -31 0
3884 A -29 0
3886 A -28 0
3888 A -29 0
3890 A -28 0
3892 A -27 0
3894 A -26 0
3896 A -25 0
3900 A -24 0
3906 A -21 0
3916 A -22 0
3922 A -23 0
3928 A -21 0
3930 A -22 0
3934 A -23 0
3938 A -24 0
3942 A -25 0
3948 A -24 0
3952 A -25 0
3956 A -26 0
3960 A -27 0
3970 A -25 0
3978 A -24 0
3984 A -23 0
3988 A -22 0
3992 A -20 0
3996 A -18 0
3998 A -17 0
4000 A -16 0
4002 A -17 0
4004 A -16 0
4006 A -15 0
4008 A -14 0
4010 A -13 0
4012 A -12 0
4014 A -11 0
4016 A -10 0
4018 A -9 0
4020 A -8 0
4022 A -6 0
4024 A -5 0
4026 A -7 0
4028 A -9 0
4030 A -10 0
4032 A -9 0
4036 A -8 0
4038 A -6 0
4044 A -7 0
4046 A -5 0
4048 A -6 0
4050 A -9 0
4052 A -11 0
4054 A -15 0
4056 A -18 0
4058 A -21 0
4060 A -23 0
4062 A -25 0
4064 A -27 0
4066 A -28 0
4068 A -29 0
4070 A -30 0
4072 A -31 0
4074 A -33 0
4078 A -34 0
4084 A -35 0
4086 A -34 0
4088 A -31 0
4090 A -29 0
4096 A -27 0
4098 A -29 0
4100 A -30 0
4106 A -31 0
4108 A -32 0
4110 A -30 0
4116 A -24 0
4118 A -21 0
4120 A -20 0
4122 A -17 0
4124 A -18 0
4126 A -19 0
4128 A -16 0
4130 A -17 0
4132 A -18 0
4134 A -17 0
4136 A -18 0
4138 A -19 0
4140 A -18 0
4142 A -19 0
4146 A -17 0
4148 A -18 0
4150 A -16 0
4152 A -17 0
4156 A -16 0
4160 A -15 0
4162 A -14 0
4168 A -13 0
4172 A -12 0
4178 A -11 0
4182 A -12 0
4184 A -10 0
4186 A -11 0
4188 A -9 0
4190 A -10 0
4194 A -9 0
4198 A -8 0
4204 A -7 0
4206 A -8 0
4208 A -6 0
4210 A -7 0
4214 A -6 0
4218 A -5 0
4220 A -6 0
4224 A -5 0
4228 A -4 0
4230 A -5 0
4234 A -4 0
4238 A -2 0
4244 A
4248 A 1 0
4254 A 3 0
4256 A 4 0
4258 A 5 0
4260 A 6 0
4262 A 7 0
4264 A 8 0
4268 A 9 0
4270 A 10 0
4272 A 11 0
4274 A 12 0
4276 A 13 0
4280 A 14 0
4284 A 15 0
4288 A 16 0
4292 A 17 0
4294 A 18 0
4296 A 19 0
4300 A 20 0
4302 A 19 0
4306 A 20 0
4310 A 21 0
4312 A 20 0
4314 A 21 0
4318 A 22 0
4320 A 21 0
4322 A 22 0
4324 A 21 0
4326 A 22 0
4330 A 23 0
4334 A 24 0
4336 A 23 0
4338 A 24 0
4342 A 25 0
4344 - 24 0
4346 - 25 0
4348 - 24 0
4350 - 25 0
4352 - 24 0
4356 - 25 0
4358 - 24 0
4360 - 25 0
4364 - 27 0
4366 - 26 0
4368 - 28 0
4370 - 27 0
4372 - 28 0
4374 - 29 0
4376 B 29 0
4378 B 30 0
4380 A 28 0
4382 B 29 0
4384 A 30 0
4386 B 29 0
4388 B 30 0
4390 B 28 0
4392 B 29 0
4394 B 30 0
4396 A 28 0
4398 A 29 0
4402 B 27 0
4404 B 28 0
4406 - 25 0
4408 - 29 0
4410 - 31 0
4412 - 27 0
4414 - 28 0
4416 - 29 0
4418 - 25 0
4420 - 26 0
4422 - 27 0
4424 - 23 0
4426 - 24 0
4428 - 25 0
4432 - 26 0
4434 - 27 0
4436 - 26 0
4438 - 27 0
4440 - 28 0
4442 - 26 0
4444 - 27 0
4446 - 28 0
4448 - 27 0
4450 - 28 0
4452 - 29 0
4454 - 30 0
4456 - 32 0
4458 - 33 0
4460 - 34 0
4462 - 36 0
4464 - 37 0
4466 - 38 0
4468 - 40 0
4470 - 42 0
4474 - 44 0
4476 - 46 0
4478 - 45 0
4480 - 47 0
4482 - 51 0
4484 - 55 0
4486 - 58 0
4488 - 60 0
4490 A 62 0
4492 - 65 0
4494 A 67 0
4496 A 63 0
4498 A 60 0
4500 A 53 0
4502 - 55 0
4504 - 58 0
4506 B 64 0
4508 B 65 0
4510 B 67 0
4512 B 69 0
4514 A 73 0
4516 B 75 0
4518 - 76 0
4520 - 79 0
4522 - 80 0
4528 A 80 0
4530 A 69 0
4532 A 61 0
4534 - 63 0
4536 - 65 0
4538 - 67 0
4540 - 66 0
4542 - 67 0
4544 - 69 0
4546 - 70 0
4548 - 67 0
4558 - 66 0
4560 - 59 0
4562 - 64 0
4564 - 67 0
4566 - 70 0
4568 - 68 0
4570 - 70 0
4572 - 72 0
4574 - 73 0
4576 - 70 0
4578 - 71 0
4580 - 72 0
4582 - 73 0
4584 - 74 0
4586 - 69 0
4590 - 68 0
4592 - 65 0
4594 - 60 0
4596 - 62 0
4598 - 63 0
4600 - 64 0
4602 - 61 0
4604 - 62 0
4608 - 63 0
4610 - 64 0
4612 - 63 0
4614 - 61 0
4616 - 53 0
4618 - 51 0
4620 - 53 0
4622 - 54 0
4624 - 55 0
4626 - 57 0
4628 - 59 0
4630 - 60 0
4632 - 61 0
4634 - 62 0
4636 - 64 0
4638 - 65 0
4642 - 66 0
4644 - 67 0
4646 - 68 0
4648 - 70 0
4650 - 79 0
4652 - 80 0
4662 B 80 0
4666 A 80 0
4672 B 80 0
4674 A 80 0
4680 B 80 0
4682 A 80 0
4692 B 80 0
4696 A 80 0
4704 B 80 0
4706 A 80 0
4714 B 80 0
4716 A 80 0
4722 A 74 0
4724 A 76 0
4726 A 77 0
4728 A 76 0
4732 A 75 0
4736 A 73 0
4738 A 72 0
4740 A 70 0
4742 A 69 0
4744 A 66 0
4746 A 63 0
4748 A 60 0
4750 A 56 0
4752 A 51 0
4754 A 50 0
4756 A 52 0
4760 A 54 0
4762 A 55 0
4764 A 56 0
4766 A 57 0
4768 A 58 0
4772 A 54 0
4774 A 51 0
4776 A 48 0
4778 A 46 0
4780 A 48 0
4784 A 49 0
4786 A 50 0
4788 A 51 0
4790 A 52 0
4792 A 51 0
4794 A 52 0
4796 A 50 0
4798 A 47 0
4800 A 45 0
4802 -
