# Arcade on Coastline, car 3 with a manual gearbox: the view buttons cycled and held, the other C buttons and L during the race.
#
# Written by n64/tools/n64drive.py (plan 'views_coast_manual'); the driver saw:
#   TOP GEAR RALLY: row 2
#   TRACK SELECT: row 2
#   P1 car 1
#   cheats: cars car9 car10 car11 car12 car15 tracks mirrors
#   TOP GEAR RALLY: row 1
#   1P/2P SELECT: row 0
#   TRACK SELECT: row 2
#   WEATHER SELECT: row 1
#   P1 car 3 handling=Type 1 transmission=Manual tires=Slippy suspension=Softer
#   race 3000 frames; P1 drove 0.32 laps
frames 5933
0 -
80 A
88 -
294 START
302 -
456 - 80 0
464 -
488 - 80 0
496 -
532 A
540 -
590 A
598 -
696 START
720 -
734 A
758 -
772 A
796 -
810 A
834 -
848 A
872 -
886 A
916 -
964 A
972 -
980 DL
988 -
996 DL
1004 -
1012 CD
1020 -
1028 A
1036 -
1044 DR
1052 -
1060 Z
1068 -
1084 DU
1092 -
1100 DU
1108 -
1116 Z
1124 -
1132 B
1140 -
1148 A
1156 -
1164 DL
1172 -
1180 DL
1188 -
1204 DD
1212 -
1220 A
1228 -
1236 DR
1244 -
1252 Z
1260 -
1268 DR
1276 -
1284 DU
1292 -
1300 CD
1308 -
1324 CD
1332 -
1340 DU
1348 -
1356 B
1364 -
1372 DR
1380 -
1388 A
1396 -
1404 CD
1412 -
1420 A
1428 -
1436 DR
1444 -
1460 B
1468 -
1476 B
1484 -
1492 A
1500 -
1508 DL
1516 -
1524 DL
1532 -
1540 CD
1548 -
1556 A
1564 -
1572 DR
1580 -
1596 DR
1604 -
1612 DU
1620 -
1628 DL
1636 -
1644 CD
1652 -
1660 CD
1668 -
1676 A
1684 -
1692 DR
1700 -
1708 Z
1716 -
1732 A
1740 -
1748 DL
1756 -
1764 DL
1772 -
1780 DR
1788 -
1796 DD
1804 -
1812 Z
1820 -
1836 DR
1844 -
1852 DU
1860 -
1868 DL
1876 -
1884 CD
1892 -
1900 DR
1908 -
1916 DD
1924 -
1932 Z
1940 -
1948 START
1956 -
2016 DU
2024 -
2064 START
2072 -
2108 - -80 0
2116 -
2152 A
2160 -
2210 A
2218 -
2268 A
2276 -
2314 - 80 0
2322 -
2358 A
2366 -
2464 - 80 0
2488 -
2502 - 80 0
2526 -
2540 A
2564 -
2578 A
2602 -
2616 - 80 0
2640 -
2654 A
2678 -
2692 - 80 0
2716 -
2730 A
2754 -
2768 - 80 0
2792 -
2806 - 80 0
2830 -
2844 A
2868 -
2882 A
2912 -
2932 A -17 0
3208 A -18 0
3218 A -12 0
3232 A+CU -12 0
3238 A -8 0
3242 A -5 0
3248 A -6 0
3260 A -4 0
3270 A -5 0
3276 A+R -5 0
3284 A+R -6 0
3288 A -5 0
3296 A -6 0
3300 A -5 0
3302 A -6 0
3326 A -7 0
3328 A -6 0
3334 A -7 0
3336 A -6 0
3346 A -5 0
3356 A -6 0
3358 A -5 0
3362 A -6 0
3364 A+R -5 0
3370 A+R -6 0
3372 A+R -5 0
3376 A -6 0
3378 A -5 0
3382 A -6 0
3386 A -5 0
3388 A -6 0
3392 A -5 0
3396 A -6 0
3398 A -5 0
3402 A -6 0
3404 A -5 0
3412 A -6 0
3414 A -5 0
3420 A -4 0
3470 A+R -4 0
3482 A -4 0
3502 A -3 0
3556 A -5 0
3560 A -6 0
3562 A -7 0
3564 A -8 0
3568 A -9 0
3570 A -10 0
3572 A -11 0
3576 A -12 0
3578 A -13 0
3582 A -14 0
3586 A -15 0
3590 B -16 0
3594 A -16 0
3596 A -17 0
3598 A -16 0
3600 A -17 0
3602 B -16 0
3604 B -17 0
3606 B -20 0
3608 B -21 0
3610 - -23 0
3612 - -25 0
3616 A -26 0
3618 A -27 0
3620 A -28 0
3628 A -27 0
3632 A+CU -25 0
3636 A+CU -23 0
3638 A -22 0
3640 A -20 0
3642 A -19 0
3644 A -16 0
3648 A -15 0
3652 A -14 0
3656 A -12 0
3660 A -11 0
3664 A -8 0
3666 A -9 0
3668 A -6 0
3672 A -4 0
3676 A -2 0
3680 A
3692 A 1 0
3696 A 2 0
3700 A 3 0
3704 A 4 0
3708 A 5 0
3712 A 7 0
3716 A 8 0
3720 A 9 0
3722 A 10 0
3734 A+R 10 0
3736 A+R 11 0
3744 A+R 10 0
3746 A 10 0
3752 A 9 0
3758 A 8 0
3766 A 7 0
3772 A 6 0
3778 A 4 0
3782 A 2 0
3786 A
3792 A -2 0
3796 A -4 0
3798 A -6 0
3802 A -8 0
3806 A -10 0
3808 A -11 0
3810 A -12 0
3812 A -14 0
3814 A -15 0
3816 A -16 0
3818 A -17 0
3828 A -16 0
3830 A -15 0
3832 A -14 0
3834 A -13 0
3838 A -11 0
3840 A -10 0
3842 A -9 0
3844 A -8 0
3846 A -7 0
3848 A -6 0
3850 A -4 0
3854 A -2 0
3856 A
3862 A 2 0
3864 A 3 0
3866 A 4 0
3868 A 5 0
3870 A 6 0
3872 A 7 0
3874 A 8 0
3876 A 9 0
3878 A 10 0
3880 A 11 0
3882 A 12 0
3886 A 13 0
3888 A 14 0
3892 A 15 0
3900 A 14 0
3904 A 13 0
3906 A 12 0
3910 A 11 0
3912 A 10 0
3914 A 9 0
3916 B 8 0
3918 B 7 0
3922 B 5 0
3924 A 4 0
3928 B 3 0
3930 A 3 0
3932 A 2 0
3934 B 1 0
3938 B
3940 B 2 0
3942 B 1 0
3944 B
3952 B -1 0
3954 B -2 0
3970 B -3 0
3978 - -4 0
3982 B -3 0
3986 B+Z -2 0
3994 B+Z -3 0
3996 B+Z -1 0
3998 B -1 0
4000 B
4012 B 4 0
4014 - 1 0
4016 - 5 0
4020 - 6 0
4022 - 10 0
4028 - 13 0
4032 Z+CU 13 0
4034 Z+CU 16 0
4038 Z 18 0
4042 Z 19 0
4044 - 24 0
4048 - 25 0
4050 - 29 0
4052 - 30 0
4054 - 32 0
4056 - 35 0
4058 - 36 0
4060 - 38 0
4062 - 40 0
4064 - 41 0
4066 - 43 0
4068 - 44 0
4070 - 46 0
4072 - 48 0
4074 - 53 0
4076 - 55 0
4078 - 57 0
4080 - 60 0
4082 - 62 0
4084 - 65 0
4086 - 66 0
4088 - 68 0
4090 - 70 0
4092 - 72 0
4094 - 71 0
4096 A 70 0
4098 A 62 0
4100 A 55 0
4102 - 50 0
4104 - 53 0
4106 A 56 0
4108 - 53 0
4110 - 50 0
4112 - 49 0
4114 - 50 0
4118 A 52 0
4120 A 53 0
4122 A 52 0
4126 - 53 0
4128 - 56 0
4130 - 58 0
4132 - 62 0
4134 - 64 0
4136 - 67 0
4138 A 65 0
4140 A 59 0
4142 A 53 0
4144 A 51 0
4148 A 52 0
4152 A 51 0
4158 A 48 0
4160 A 47 0
4162 A 48 0
4164 A 56 0
4166 A 55 0
4168 A 57 0
4170 A 56 0
4172 A 50 0
4174 A 44 0
4176 A 46 0
4178 A 48 0
4180 A 49 0
4182 A 51 0
4186 A 46 0
4188 A 41 0
4190 A 40 0
4192 A 41 0
4194 A 43 0
4196 A 46 0
4198 A 45 0
4202 A 40 0
4204 A 38 0
4206 A 40 0
4208 A 42 0
4210 A 41 0
4212 A 43 0
4216 A 40 0
4218 A 38 0
4220 A 35 0
4222 A 38 0
4226 A 39 0
4228 A 38 0
4230 A+R 39 0
4234 A+R 35 0
4236 A+R 37 0
4238 A+R 36 0
4240 A+R 37 0
4242 A 35 0
4244 A 37 0
4246 A 35 0
4248 A 30 0
4250 A 31 0
4252 A 30 0
4254 A 32 0
4256 A 31 0
4258 A 33 0
4260 A 29 0
4264 A 30 0
4266 A 27 0
4268 A 29 0
4270 A 27 0
4272 A 28 0
4276 A 29 0
4278 A 28 0
4280 A 29 0
4282 A 28 0
4284 A 30 0
4286 A 29 0
4288 A 30 0
4290 A 27 0
4294 - 26 0
4296 - 28 0
4300 - 29 0
4302 - 30 0
4306 - 32 0
4308 - 30 0
4310 - 31 0
4312 - 30 0
4314 - 32 0
4316 - 31 0
4320 A 27 0
4322 A 28 0
4324 A 27 0
4326 A 28 0
4328 A 30 0
4330 A 29 0
4332 A 30 0
4334 A 29 0
4336 A 30 0
4340 A 32 0
4342 A 31 0
4344 A 30 0
4346 A 31 0
4348 A 28 0
4350 A 30 0
4352 A 28 0
4354 A 29 0
4358 A 31 0
4360 A 30 0
4362 A 32 0
4366 A 34 0
4368 A 33 0
4370 A 35 0
4372 A 30 0
4374 A 28 0
4376 A 30 0
4378 B 33 0
4380 B 35 0
4382 A 37 0
4384 B 38 0
4386 B 40 0
4388 B 41 0
4390 B 43 0
4392 - 46 0
4394 - 47 0
4396 - 48 0
4398 - 43 0
4400 - 36 0
4402 - 39 0
4404 - 40 0
4406 - 42 0
4410 - 43 0
4412 - 34 0
4414 B 22 0
4416 B 25 0
4418 B 27 0
4420 B 26 0
4422 B 25 0
4424 B 16 0
4426 B 14 0
4428 B 16 0
4430 B 13 0
4432 B+CU 13 0
4434 B+CU 3 0
4436 B+CU -2 0
4438 B -2 0
4440 B -5 0
4442 - -6 0
4444 - -5 0
4446 Z -15 0
4448 Z -22 0
4450 Z -23 0
4452 B+Z -27 0
4454 B+Z -29 0
4456 B+Z -31 0
4458 B -34 0
4460 B -36 0
4462 - -38 0
4464 B -40 0
4466 B -41 0
4468 A -42 0
4470 A -44 0
4472 - -44 0
4474 - -45 0
4476 A -46 0
4478 - -60 0
4480 - -62 0
4482 - -64 0
4484 A -75 0
4486 - -77 0
4488 - -79 0
4490 - -80 0
4492 B -80 0
4494 A -80 0
4498 B -80 0
4502 A -80 0
4508 A -79 0
4510 A -75 0
4512 A -65 0
4514 A+Z -40 0
4516 A+Z -22 0
4518 A+Z -24 0
4520 A+Z -25 0
4522 A+Z -27 0
4524 A+Z -29 0
4526 A -25 0
4528 A -27 0
4530 A -28 0
4532 A -30 0
4534 A -32 0
4536 A -33 0
4538 A -34 0
4540 A -35 0
4544 A -36 0
4548 A -37 0
4550 A+R -37 0
4552 A+R -38 0
4556 A+R -39 0
4558 A+R -38 0
4562 - -39 0
4564 - -40 0
4566 - -42 0
4568 A -43 0
4570 - -44 0
4572 - -45 0
4574 - -46 0
4576 A -47 0
4578 - -48 0
4580 - -47 0
4582 A -48 0
4588 - -46 0
4590 - -50 0
4592 - -53 0
4594 - -49 0
4596 - -48 0
4598 - -51 0
4600 - -53 0
4602 - -57 0
4604 - -55 0
4606 - -54 0
4610 - -56 0
4612 - -58 0
4614 A -60 0
4616 - -57 0
4618 A -55 0
4622 - -57 0
4626 A -57 0
4628 A -55 0
4630 - -50 0
4632 CD -49 0
4634 CD -51 0
4636 CD -49 0
4638 CD -51 0
4640 CD -52 0
4642 CD -51 0
4644 CD -49 0
4646 CD -50 0
4648 CD -52 0
4650 CD -54 0
4652 CD -56 0
4656 A+CD -55 0
4658 A+CD -52 0
4660 A+CD -53 0
4662 A+CD -55 0
4664 A+CD -54 0
4666 A+CD -56 0
4668 A+CD -55 0
4670 A+CD -53 0
4672 A+CD -49 0
4674 A+CD -51 0
4676 A+CD -54 0
4678 A+CD -52 0
4680 A+CD -51 0
4682 A+CD -50 0
4684 A+CD -48 0
4686 A+CD -49 0
4688 A+CD -51 0
4690 A+CD -52 0
4692 A+CD -53 0
4694 A+CD -51 0
4696 A+CD -47 0
4698 A+CD -48 0
4700 A+CD -50 0
4706 A+CD -46 0
4708 A+CD -47 0
4710 A+CD -48 0
4712 A+CD -52 0
4714 A+CD -53 0
4716 A+CD -50 0
4720 A+CD -53 0
4722 A -56 0
4724 A -57 0
4726 A -55 0
4728 A -52 0
4732 A -54 0
4734 A -53 0
4736 A -54 0
4738 A -49 0
4740 A -43 0
4742 A -44 0
4744 A+R -45 0
4746 A+R -42 0
4748 A+R -43 0
4752 A+R -41 0
4754 A+R -44 0
4756 A -46 0
4758 A -45 0
4760 A -44 0
4762 A -36 0
4766 A -38 0
4768 A -37 0
4770 A -39 0
4772 A -34 0
4774 A -35 0
4776 - -33 0
4778 - -31 0
4780 - -32 0
4782 - -31 0
4784 - -33 0
4786 - -34 0
4788 - -36 0
4790 - -38 0
4792 - -35 0
4794 - -36 0
4796 - -35 0
4798 - -36 0
4800 - -35 0
4802 A -37 0
4804 A -35 0
4806 A -36 0
4808 A -34 0
4810 A -35 0
4812 A -33 0
4814 A -30 0
4818 A -27 0
4824 A -26 0
4826 A -25 0
4830 A -23 0
4832 A+CL -23 0
4834 A+CL -21 0
4836 A+CL -20 0
4838 A+CL -18 0
4840 A+CL -17 0
4842 A+CL -14 0
4846 A+CL -11 0
4850 A+CL -8 0
4852 A+CL -7 0
4856 A+CL -4 0
4878 B+CL -3 0
4880 CL -4 0
4882 CL -3 0
4884 CL -4 0
4886 CL -3 0
4890 CL -2 0
4892 CL -3 0
4894 CL -2 0
4896 CL -3 0
4898 CL -2 0
4900 CL -3 0
4902 CL -2 0
4906 CL -3 0
4908 CL -2 0
4916 CL -1 0
4920 CL
4922 - -1 0
4924 -
4934 - 1 0
4938 - 6 0
4940 A 6 0
4942 - 6 0
4944 - 11 0
4948 A 15 0
4950 - 15 0
4952 - 18 0
4954 A 18 0
4956 - 19 0
4958 A 21 0
4960 - 22 0
4962 - 24 0
4964 A 25 0
4966 - 25 0
4968 B 27 0
4970 B 28 0
4972 A 28 0
4974 B 29 0
4976 A 30 0
4978 A 35 0
4980 B 36 0
4982 B 39 0
4984 B 40 0
4988 B 42 0
4992 A 43 0
4994 B 43 0
4996 A 43 0
5000 A 41 0
5004 A 38 0
5006 A 37 0
5010 A 33 0
5012 A 32 0
5014 A 31 0
5018 A 26 0
5020 A 25 0
5022 A 19 0
5024 A 18 0
5028 A 17 0
5030 A 16 0
5032 A+CR 14 0
5038 A+CR 11 0
5042 A+CR 8 0
5048 A+CR 5 0
5052 A+CR 2 0
5056 A+CR
5064 A+CR -4 0
5068 A+CR -7 0
5074 A+CR -5 0
5076 CR -5 0
5078 A+CR -3 0
5080 CR -3 0
5082 A+CR -2 0
5084 CR -2 0
5086 A+CR -1 0
5088 CR -1 0
5090 A+CR
5092 CR
5096 A+CR
5098 CR
5100 A+CR 1 0
5102 CR 1 0
5106 A+CR 1 0
5108 CR 2 0
5112 A+CR 2 0
5114 CR 2 0
5116 B+CR 2 0
5120 A+CR 3 0
5122 B 7 0
5124 A 8 0
5126 B 12 0
5130 B 13 0
5132 B 17 0
5136 B 20 0
5138 B 21 0
5140 B 22 0
5142 - 22 0
5144 - 23 0
5146 - 24 0
5148 - 26 0
5150 - 27 0
5152 - 28 0
5154 - 30 0
5156 - 31 0
5158 - 32 0
5160 - 33 0
5162 - 35 0
5164 Z 36 0
5168 Z 38 0
5170 Z 40 0
5172 Z 39 0
5174 Z 41 0
5176 - 43 0
5178 - 49 0
5180 - 51 0
5182 - 54 0
5184 A 58 0
5186 A 60 0
5188 A 62 0
5190 A 63 0
5192 A 64 0
5194 - 64 0
5198 - 63 0
5200 - 59 0
5202 - 58 0
5204 - 56 0
5206 - 50 0
5208 - 47 0
5210 A 45 0
5212 A 43 0
5214 A 36 0
5216 A 34 0
5218 A 32 0
5220 A 23 0
5222 A 21 0
5224 A 20 0
5226 A 18 0
5228 A 9 0
5230 A 8 0
5232 A+L 7 0
5234 A+L 6 0
5236 A+L 5 0
5238 A+L 4 0
5240 A+L 2 0
5246 A+L
5252 A+L -2 0
5258 A+L -5 0
5264 A+L -8 0
5272 A+L -11 0
5278 A+L -16 0
5282 A+L -17 0
5284 A+L -19 0
5290 A+L -13 0
5292 A -13 0
5294 A -8 0
5298 A -7 0
5300 A -3 0
5302 A -2 0
5304 A -1 0
5306 A 2 0
5310 A 3 0
5312 A 6 0
5314 A 7 0
5316 A 9 0
5318 A 10 0
5322 A 12 0
5324 A 13 0
5326 A 15 0
5330 A 17 0
5334 A 18 0
5336 A 19 0
5338 A+R 20 0
5340 A+R 21 0
5344 A+R 22 0
5348 A+R 23 0
5350 A 29 0
5352 A 30 0
5354 A 35 0
5356 - 36 0
5358 A 40 0
5360 A 41 0
5362 A 43 0
5364 A 44 0
5368 A 45 0
5372 A 43 0
5376 A 41 0
5378 A 40 0
5380 A 39 0
5382 A 35 0
5384 A 34 0
5386 A 30 0
5388 A 29 0
5390 A 24 0
5392 A 23 0
5394 A 19 0
5396 A 18 0
5398 A 17 0
5400 A 13 0
5402 A 12 0
5404 A 8 0
5406 A 7 0
5408 A 3 0
5412 A
5414 A -1 0
5416 - -5 0
5420 - -9 0
5422 - -5 0
5426 - -10 0
5430 - -15 0
5432 A+CU -15 0
5434 CU -14 0
5436 A+CU -19 0
5438 - -19 0
5440 A -23 0
5442 - -23 0
5444 A -27 0
5446 - -27 0
5448 B -30 0
5452 A -30 0
5454 A -32 0
5456 B -32 0
5458 B -35 0
5462 B -38 0
5464 B -37 0
5472 - -36 0
5476 A -36 0
5478 A -34 0
5482 A -33 0
5484 A -31 0
5486 A -30 0
5488 A -29 0
5490 B -26 0
5492 A -25 0
5494 A -22 0
5496 B -21 0
5498 A -20 0
5500 B -18 0
5504 A -19 0
5506 - -17 0
5508 - -16 0
5512 - -14 0
5518 Z -10 0
5522 Z -11 0
5524 Z -7 0
5530 - -3 0
5534 - -4 0
5536 B
5538 -
5544 - 4 0
5550 B 8 0
5556 B 13 0
5558 A 13 0
5560 B 13 0
5562 - 8 0
5564 - 13 0
5572 - 5 0
5578 -
5580 - -1 0
5584 - -2 0
5586 - -7 0
5590 - -8 0
5594 - -12 0
5596 - -13 0
5598 - -14 0
5602 - -16 0
5610 - -17 0
5628 - -39 0
5630 - -40 0
5632 CD+CL -41 0
5634 CD+CL -42 0
5636 CD+CL -61 0
5638 CD+CL -63 0
5640 CD+CL -65 0
5642 CD+CL -67 0
5644 CD+CL -70 0
5646 CD+CL -80 0
5650 B+CD+CL -80 0
5654 B+Z+CD+CL -80 0
5660 A+Z+CD+CL -80 0
5664 B+Z+CD+CL -80 0
5666 A+CD+CL -80 0
5670 B+CD+CL -80 0
5672 A+CD+CL -80 0
5676 B+CD+CL -80 0
5678 A+CD+CL -80 0
5682 B+CD+CL -80 0
5684 A+CD+CL -80 0
5692 A -80 0
5700 A -75 0
5702 A -70 0
5704 A -64 0
5706 A -58 0
5708 A -52 0
5710 A -46 0
5712 A -41 0
5714 A -32 0
5716 A -27 0
5718 A -22 0
5720 A -18 0
5722 A -14 0
5724 A -11 0
5726 A -1 0
5728 A 1 0
5730 A 4 0
5732 A 6 0
5734 A 9 0
5736 A 11 0
5738 A 12 0
5740 A 14 0
5742 A 15 0
5744 A 16 0
5746 A 17 0
5748 A 28 0
5750 A 29 0
5752 A 30 0
5756 A 31 0
5758 A 40 0
5760 A 41 0
5766 A 42 0
5768 A 49 0
5778 A 54 0
5784 A 55 0
5788 A 57 0
5792 A 56 0
5796 A 49 0
5798 A 48 0
5802 A 47 0
5804 A 39 0
5806 A 38 0
5808 A 37 0
5812 A 28 0
5814 A 27 0
5816 A 26 0
5820 A 10 0
5822 A 9 0
5824 A 7 0
5826 A 6 0
5828 A
5830 A -1 0
5832 A -7 0
5834 A -9 0
5836 A -10 0
5838 A -11 0
5840 A -16 0
5842 A -17 0
5844 A -18 0
5846 A -19 0
5848 A+R -24 0
5850 A+R -25 0
5854 A+R -30 0
5860 A -31 0
5862 A -34 0
5868 A -37 0
5870 A -38 0
5874 A -40 0
5878 A -39 0
5888 A -38 0
5890 A -37 0
5894 A -34 0
5900 A -30 0
5902 A -27 0
5904 A -23 0
5906 A -22 0
5908 A -21 0
5910 A -17 0
5912 A -16 0
5914 A -15 0
5916 A -10 0
5918 A -9 0
5920 A -5 0
5922 A -4 0
5926 A
5930 A 1 0
5932 -
