# Arcade, one player: Mirror Mountain in Night weather, car 0 (Automatic transmission), driven on the computer driver's racing line.
#
# Written by tools/tgrally/n64drive.py (plan 'arc_mmountain_night_car0'); the driver saw:
#   TOP GEAR RALLY: row 2
#   TRACK SELECT: row 2
#   P1 car 1
#   cheats: cars car9 car10 car11 car12 car15 tracks mirrors
#   TOP GEAR RALLY: row 1
#   1P/2P SELECT: row 0
#   TRACK SELECT: row 6
#   WEATHER SELECT: row 4
#   P1 car 0 handling=Type 1 transmission=Automatic tires=Grippy suspension=Normal
#   race 2400 frames; P1 drove 0.15 laps
frames 6159
0 -
80 A
88 -
294 START
302 -
502 - 80 0
510 -
534 - 80 0
542 -
626 - 80 0
634 -
670 A
678 -
728 A
736 -
834 START
858 -
872 A
896 -
910 A
934 -
948 A
972 -
986 A
1010 -
1024 A
1058 -
1106 A
1114 -
1122 DL
1130 -
1138 DL
1146 -
1154 CD
1162 -
1170 A
1178 -
1186 DR
1194 -
1202 Z
1210 -
1226 DU
1234 -
1242 DU
1250 -
1258 Z
1266 -
1274 B
1282 -
1290 A
1298 -
1306 DL
1314 -
1322 DL
1330 -
1346 DD
1354 -
1362 A
1370 -
1378 DR
1386 -
1394 Z
1402 -
1410 DR
1418 -
1426 DU
1434 -
1442 CD
1450 -
1466 CD
1474 -
1482 DU
1490 -
1498 B
1506 -
1514 DR
1522 -
1530 A
1538 -
1546 CD
1554 -
1562 A
1570 -
1578 DR
1586 -
1602 B
1610 -
1618 B
1626 -
1634 A
1642 -
1650 DL
1658 -
1666 DL
1674 -
1682 CD
1690 -
1698 A
1706 -
1714 DR
1722 -
1738 DR
1746 -
1754 DU
1762 -
1770 DL
1778 -
1786 CD
1794 -
1802 CD
1810 -
1818 A
1826 -
1834 DR
1842 -
1850 Z
1858 -
1874 A
1882 -
1890 DL
1898 -
1906 DL
1914 -
1922 DR
1930 -
1938 DD
1946 -
1954 Z
1962 -
1978 DR
1986 -
1994 DU
2002 -
2010 DL
2018 -
2026 CD
2034 -
2042 DR
2050 -
2058 DD
2066 -
2074 Z
2082 -
2090 START
2098 -
2158 DU
2166 -
2206 START
2214 -
2250 - -80 0
2258 -
2294 A
2302 -
2352 A
2360 -
2398 - 80 0
2406 -
2430 - 80 0
2438 -
2522 - 80 0
2530 -
2554 - 80 0
2562 -
2646 - 80 0
2654 -
2678 - 80 0
2686 -
2770 - 80 0
2778 -
2814 A
2822 -
2860 - -80 0
2868 -
2904 A
2912 -
3010 - 80 0
3034 -
3052 - 80 0
3076 -
3094 - 80 0
3118 -
3136 - 80 0
3160 -
3178 - 80 0
3202 -
3220 - 80 0
3244 -
3262 - 80 0
3286 -
3304 - 80 0
3328 -
3346 - 80 0
3370 -
3388 - 80 0
3412 -
3430 - 80 0
3454 -
3472 - 80 0
3496 -
3514 A
3538 -
3552 A
3576 -
3590 A
3614 -
3628 A
3652 -
3666 A
3690 -
3704 A
3738 -
3758 A 13 0
4040 A 14 0
4076 A 9 0
4084 A 10 0
4094 A 6 0
4102 A 7 0
4104 A 4 0
4106 A 5 0
4118 A 6 0
4120 A 4 0
4132 A 5 0
4136 A 3 0
4142 A 4 0
4148 A 3 0
4160 A 2 0
4166 A 1 0
4182 A 2 0
4192 A 3 0
4198 A 4 0
4204 A 5 0
4212 A 6 0
4220 A 7 0
4232 A 8 0
4234 A 7 0
4238 A 8 0
4246 A 9 0
4276 A 8 0
4280 A 9 0
4282 A 8 0
4288 A 7 0
4290 A 8 0
4294 A 7 0
4300 A 6 0
4302 A 7 0
4306 A 6 0
4318 A 5 0
4320 A 6 0
4322 A 5 0
4330 A 4 0
4338 A 3 0
4340 A 4 0
4344 A 3 0
4346 A 4 0
4348 A 3 0
4354 A 5 0
4356 A 6 0
4358 A 7 0
4364 A 9 0
4368 A 10 0
4374 A 11 0
4382 B 12 0
4392 A 12 0
4394 B 11 0
4398 - 12 0
4400 - 11 0
4402 - 12 0
4404 - 13 0
4408 - 14 0
4410 - 15 0
4414 - 16 0
4418 - 17 0
4424 - 18 0
4428 - 19 0
4434 - 20 0
4436 B 19 0
4438 B 20 0
4442 - 19 0
4444 - 20 0
4448 B 19 0
4450 - 19 0
4452 - 20 0
4454 - 18 0
4456 A 18 0
4458 - 19 0
4462 A 17 0
4464 - 17 0
4466 - 18 0
4468 A 26 0
4470 - 27 0
4472 A 27 0
4474 - 34 0
4476 - 35 0
4478 A 36 0
4480 - 37 0
4482 - 41 0
4484 A 43 0
4486 - 44 0
4488 A 46 0
4490 - 47 0
4492 - 48 0
4494 A 48 0
4496 - 48 0
4498 A 49 0
4500 - 49 0
4502 - 59 0
4504 A 59 0
4506 - 59 0
4508 A 60 0
4510 A 66 0
4512 - 66 0
4514 A 65 0
4518 - 67 0
4520 A 65 0
4522 A 63 0
4524 A 61 0
4526 A 59 0
4528 A 55 0
4530 A 52 0
4532 A 48 0
4534 A 44 0
4536 A 41 0
4538 A 39 0
4540 A 38 0
4542 A 36 0
4544 A 33 0
4546 A 31 0
4548 A 32 0
4550 A 38 0
4552 A 44 0
4554 A 47 0
4556 A 51 0
4558 A 56 0
4562 A 59 0
4564 A 62 0
4566 A 60 0
4568 A 62 0
4570 A 63 0
4572 A 60 0
4574 A 63 0
4576 A 68 0
4578 A 72 0
4580 A 70 0
4582 A 72 0
4584 A 73 0
4586 A 74 0
4588 A 68 0
4590 A 65 0
4592 A 61 0
4594 A 59 0
4596 A 51 0
4598 A 49 0
4600 A 47 0
4602 A 37 0
4604 A 34 0
4606 A 32 0
4608 A 30 0
4610 A 19 0
4612 A 16 0
4614 A 14 0
4616 A 5 0
4618 A 4 0
4622 A -4 0
4624 A -5 0
4628 A -14 0
4630 A -15 0
4632 A -23 0
4634 A -25 0
4636 A -27 0
4638 A -34 0
4644 A -36 0
4646 A -44 0
4648 A -43 0
4650 A -40 0
4652 A -42 0
4654 A -38 0
4656 A -34 0
4658 A -36 0
4660 A -32 0
4662 A -29 0
4664 A -30 0
4666 A -27 0
4668 A -25 0
4670 A -26 0
4672 A -23 0
4674 A -21 0
4678 A -19 0
4680 A -18 0
4682 A -17 0
4684 A -16 0
4686 A -15 0
4688 A -13 0
4690 A -12 0
4694 A -9 0
4700 A -6 0
4702 A -5 0
4704 A -2 0
4710 A
4716 A 7 0
4722 A 19 0
4724 A 20 0
4728 A 25 0
4732 A 29 0
4734 A 30 0
4738 A 33 0
4744 A 38 0
4746 A 39 0
4748 A 43 0
4754 A 46 0
4756 A 45 0
4760 A 46 0
4764 A 45 0
4770 A 44 0
4772 A 43 0
4774 A 42 0
4776 A 40 0
4778 A 39 0
4780 A 38 0
4786 A 37 0
4788 A 35 0
4790 A 34 0
4792 A 31 0
4794 A 30 0
4798 A 27 0
4800 A 25 0
4802 A 22 0
4806 A 21 0
4808 A 18 0
4810 A 16 0
4812 A 12 0
4814 A 11 0
4816 A 9 0
4820 A 4 0
4824 A 5 0
4826 A
4832 A -5 0
4838 A -4 0
4840 A -10 0
4844 A -16 0
4848 A -17 0
4850 B -23 0
4852 B -24 0
4854 A -30 0
4856 B -31 0
4860 B -35 0
4862 A -31 0
4864 - -36 0
4870 - -39 0
4876 - -41 0
4878 - -42 0
4882 - -45 0
4884 - -44 0
4888 - -46 0
4890 - -45 0
4902 - -43 0
4906 - -42 0
4908 - -39 0
4912 - -38 0
4914 - -34 0
4916 - -33 0
4918 A -33 0
4920 - -32 0
4922 A -29 0
4926 - -28 0
4928 A -28 0
4930 A -23 0
4934 - -22 0
4936 A -20 0
4938 A -19 0
4940 A -18 0
4944 - -14 0
4946 A -14 0
4950 - -11 0
4952 - -10 0
4958 - -7 0
4962 A -7 0
4966 A -3 0
4970 - -3 0
4972 A -4 0
4976 A
4980 -
4982 A -1 0
4984 B 3 0
4990 B 2 0
4994 - 2 0
4998 - 1 0
5000 - 4 0
5006 - 3 0
5008 - 6 0
5016 - 4 0
5026 - 3 0
5036 -
5048 - -3 0
5058 - -10 0
5068 - -15 0
5078 - -30 0
5082 - -31 0
5086 - -50 0
5088 - -51 0
5090 - -52 0
5092 - -53 0
5096 - -54 0
5098 - -68 0
5100 - -69 0
5102 - -70 0
5104 - -72 0
5106 - -80 0
5114 B -80 0
5118 A -80 0
5122 B -80 0
5124 A -80 0
5130 B -80 0
5132 A -80 0
5138 B -80 0
5140 A -80 0
5146 B -80 0
5148 A -80 0
5160 A -77 0
5162 A -72 0
5164 A -68 0
5166 A -63 0
5168 A -58 0
5170 A -53 0
5172 A -48 0
5174 A -40 0
5176 A -35 0
5178 A -30 0
5180 A -26 0
5182 A -22 0
5184 A -17 0
5186 A -13 0
5188 A -10 0
5190 A -6 0
5192 A -3 0
5194 A -5 0
5196 A -3 0
5198 A -2 0
5200 A 5 0
5202 A 7 0
5204 A 9 0
5206 A 10 0
5208 A 11 0
5210 A 12 0
5212 A 21 0
5214 A 22 0
5216 A 24 0
5218 A 25 0
5222 A 26 0
5224 A 27 0
5226 A 31 0
5228 A 34 0
5230 A 35 0
5232 A 36 0
5240 A 37 0
5242 A 36 0
5246 A 35 0
5256 A 33 0
5260 A 32 0
5264 A 31 0
5268 A 26 0
5272 A 25 0
5274 A 24 0
5278 A 23 0
5280 A 18 0
5282 A 17 0
5286 A 16 0
5290 A 15 0
5292 A 10 0
5294 A 9 0
5298 A 8 0
5300 A 7 0
5302 A -2 0
5304 A -10 0
5306 A -12 0
5308 A -13 0
5310 A -15 0
5312 A -22 0
5314 A -24 0
5316 A -26 0
5318 A -32 0
5320 A -34 0
5322 A -35 0
5324 A -37 0
5326 A -42 0
5328 A -44 0
5330 A -45 0
5332 A -49 0
5334 A -50 0
5336 A -51 0
5338 A -52 0
5340 A -56 0
5344 A -55 0
5346 A -57 0
5350 A -56 0
5354 A -55 0
5356 A -54 0
5358 A -40 0
5360 A -29 0
5362 A -30 0
5364 A -29 0
5366 A -27 0
5372 A -29 0
5374 A -30 0
5376 A -28 0
5378 A -29 0
5386 A -31 0
5388 A -32 0
5392 A -33 0
5394 A -34 0
5396 A -35 0
5398 A -33 0
5404 A -29 0
5406 A -26 0
5408 A -23 0
5410 A -20 0
5412 A -17 0
5414 A -18 0
5416 A -19 0
5418 A -17 0
5422 A -18 0
5424 A -16 0
5428 A -14 0
5434 A -11 0
5440 A -9 0
5446 A -7 0
5450 A -5 0
5452 A -3 0
5454 A -2 0
5456 A
5462 A 2 0
5466 A 3 0
5468 A 5 0
5470 A 6 0
5472 A 7 0
5474 A 8 0
5476 A 9 0
5478 A 10 0
5480 A 11 0
5482 A 13 0
5484 A 14 0
5486 A 15 0
5488 A 16 0
5490 A 17 0
5492 A 18 0
5494 A 19 0
5496 A 20 0
5498 A 21 0
5508 A 19 0
5512 A 17 0
5516 A 16 0
5518 A 14 0
5522 A 12 0
5524 A 11 0
5530 A 10 0
5536 A 9 0
5542 A 8 0
5546 A 6 0
5550 A 5 0
5554 A 6 0
5556 A 4 0
5560 A 3 0
5564 A 1 0
5566 A 2 0
5568 A
5574 A -2 0
5578 A -4 0
5582 A -5 0
5586 A -6 0
5588 A -7 0
5590 A -8 0
5594 A -10 0
5598 A -11 0
5600 A -12 0
5602 A -13 0
5606 A -14 0
5608 A -15 0
5610 A -16 0
5614 A -15 0
5618 A -13 0
5622 A -11 0
5624 A -10 0
5626 - -9 0
5628 - -8 0
5630 - -7 0
5632 - -6 0
5634 - -5 0
5636 - -4 0
5638 - -3 0
5640 - -2 0
5642 - -1 0
5648 - 1 0
5652 - 4 0
5656 B 7 0
5658 - 5 0
5660 B 8 0
5666 A 11 0
5668 A 12 0
5670 B 14 0
5672 B 15 0
5674 B 16 0
5676 B 18 0
5678 B 19 0
5680 B 20 0
5682 B 22 0
5684 B 23 0
5686 - 24 0
5692 - 25 0
5702 - 26 0
5704 - 25 0
5708 - 26 0
5710 - 24 0
5712 - 25 0
5716 - 26 0
5728 - 25 0
5734 - 24 0
5744 - 25 0
5750 A 26 0
5752 - 26 0
5754 A 26 0
5758 - 26 0
5760 A 25 0
5762 - 25 0
5766 A 22 0
5770 - 23 0
5772 - 27 0
5774 - 33 0
5776 - 38 0
5778 A 42 0
5780 - 45 0
5782 A 49 0
5784 - 52 0
5786 A 55 0
5788 - 56 0
5790 - 55 0
5792 - 59 0
5794 B 65 0
5796 B 67 0
5798 B 69 0
5800 B 71 0
5802 A 75 0
5804 B 76 0
5806 - 77 0
5808 - 79 0
5810 - 80 0
5816 A 77 0
5818 A 65 0
5820 - 62 0
5822 - 65 0
5824 - 67 0
5826 - 66 0
5828 - 68 0
5830 - 69 0
5832 - 70 0
5834 - 72 0
5836 - 68 0
5838 - 69 0
5846 - 62 0
5850 - 64 0
5852 - 66 0
5854 - 68 0
5856 - 66 0
5858 - 67 0
5860 - 68 0
5862 - 69 0
5864 - 64 0
5866 - 63 0
5870 - 62 0
5872 - 61 0
5874 - 54 0
5876 - 52 0
5878 - 51 0
5882 - 47 0
5884 - 49 0
5886 - 51 0
5888 - 53 0
5890 - 50 0
5892 - 52 0
5894 - 53 0
5896 - 54 0
5898 - 55 0
5900 - 56 0
5902 - 57 0
5904 - 52 0
5906 - 54 0
5908 - 55 0
5910 - 57 0
5912 - 58 0
5914 - 60 0
5916 - 62 0
5918 - 63 0
5920 - 64 0
5922 - 65 0
5924 - 67 0
5928 - 68 0
5934 - 67 0
5936 - 75 0
5938 - 76 0
5950 - 78 0
5952 - 80 0
5960 A 80 0
5962 - 80 0
5966 A 80 0
5968 - 80 0
5970 A 80 0
5974 A 78 0
5976 A 75 0
5978 A 74 0
5980 A 76 0
5986 A 75 0
5988 A 74 0
5990 A 77 0
5992 A 75 0
5994 A 72 0
5996 A 69 0
5998 A 66 0
6000 A 62 0
6002 A 59 0
6004 A 58 0
6006 A 63 0
6008 A 67 0
6010 A 70 0
6012 A 73 0
6014 A 75 0
6016 A 77 0
6018 A 78 0
6022 A 67 0
6024 A 53 0
6026 A 51 0
6028 A 54 0
6030 A 55 0
6032 A 57 0
6034 A 58 0
6038 A 59 0
6040 A 57 0
6042 A 51 0
6044 A 45 0
6048 A 47 0
6052 A 48 0
6054 A 50 0
6056 A 51 0
6058 A 50 0
6060 A 49 0
6062 A 44 0
6064 A 38 0
6066 A 36 0
6068 A 37 0
6070 A 38 0
6072 A 39 0
6074 A 40 0
6076 A 41 0
6078 A 40 0
6080 A 35 0
6082 A 25 0
6084 A 17 0
6086 A 11 0
6088 A 9 0
6090 A 11 0
6092 A 12 0
6094 A 10 0
6102 A 8 0
6110 A 7 0
6112 A 6 0
6118 A 4 0
6120 A 5 0
6126 A 6 0
6130 A 7 0
6132 A 6 0
6138 A 5 0
6142 A 6 0
6146 A 5 0
6150 A 6 0
6152 A 5 0
6158 -
