# Arcade, one player: Jungle in Sunny weather, car 9 (Automatic transmission), driven on the computer driver's racing line.
#
# Written by tools/tgrally/n64drive.py (plan 'arc_jungle_sunny_car9'); the driver saw:
#   TOP GEAR RALLY: row 2
#   TRACK SELECT: row 2
#   P1 car 1
#   cheats: cars car9 car10 car11 car12 car15 tracks mirrors
#   TOP GEAR RALLY: row 1
#   1P/2P SELECT: row 0
#   TRACK SELECT: row 4
#   WEATHER SELECT: row 0
#   P1 car 9 handling=Type 1 transmission=Automatic tires=Slippy suspension=Normal
#   race 2400 frames (race over); P1 drove 0.20 laps
frames 5753
0 -
80 A
88 -
294 START
302 -
502 - 80 0
510 -
534 - 80 0
542 -
626 - 80 0
634 -
670 A
678 -
728 A
736 -
834 START
858 -
872 A
896 -
910 A
934 -
948 A
972 -
986 A
1010 -
1024 A
1058 -
1106 A
1114 -
1122 DL
1130 -
1138 DL
1146 -
1154 CD
1162 -
1170 A
1178 -
1186 DR
1194 -
1202 Z
1210 -
1226 DU
1234 -
1242 DU
1250 -
1258 Z
1266 -
1274 B
1282 -
1290 A
1298 -
1306 DL
1314 -
1322 DL
1330 -
1346 DD
1354 -
1362 A
1370 -
1378 DR
1386 -
1394 Z
1402 -
1410 DR
1418 -
1426 DU
1434 -
1442 CD
1450 -
1466 CD
1474 -
1482 DU
1490 -
1498 B
1506 -
1514 DR
1522 -
1530 A
1538 -
1546 CD
1554 -
1562 A
1570 -
1578 DR
1586 -
1602 B
1610 -
1618 B
1626 -
1634 A
1642 -
1650 DL
1658 -
1666 DL
1674 -
1682 CD
1690 -
1698 A
1706 -
1714 DR
1722 -
1738 DR
1746 -
1754 DU
1762 -
1770 DL
1778 -
1786 CD
1794 -
1802 CD
1810 -
1818 A
1826 -
1834 DR
1842 -
1850 Z
1858 -
1874 A
1882 -
1890 DL
1898 -
1906 DL
1914 -
1922 DR
1930 -
1938 DD
1946 -
1954 Z
1962 -
1978 DR
1986 -
1994 DU
2002 -
2010 DL
2018 -
2026 CD
2034 -
2042 DR
2050 -
2058 DD
2066 -
2074 Z
2082 -
2090 START
2098 -
2158 DU
2166 -
2206 START
2214 -
2250 - -80 0
2258 -
2294 A
2302 -
2352 A
2360 -
2398 - 80 0
2406 -
2430 - 80 0
2438 -
2522 - 80 0
2530 -
2566 A
2574 -
2624 A
2632 -
2730 - 80 0
2754 -
2772 - 80 0
2796 -
2814 - 80 0
2838 -
2856 - 80 0
2880 -
2898 - 80 0
2922 -
2940 - 80 0
2964 -
2982 - 80 0
3006 -
3024 - 80 0
3048 -
3066 A
3090 -
3104 A
3128 -
3142 A
3166 -
3180 - 80 0
3204 -
3222 A
3246 -
3260 A
3284 -
3298 A
3332 -
3352 A -18 0
3638 A -12 0
3662 A -7 0
3664 A -4 0
3672 A -5 0
3682 A -3 0
3696 A -1 0
3704 A -2 0
3708 A
3714 A 1 0
3718 A 2 0
3728 A 3 0
3736 A 1 0
3740 A 2 0
3744 A
3754 A -1 0
3760 A -2 0
3764 A -3 0
3768 A -4 0
3774 A -5 0
3778 A -6 0
3786 A -7 0
3792 A -8 0
3810 A -9 0
3812 A -8 0
3814 A -9 0
3822 A -8 0
3828 A -7 0
3830 A -8 0
3834 B -7 0
3836 B -8 0
3838 - -7 0
3840 - -8 0
3842 - -9 0
3844 - -8 0
3848 - -9 0
3850 - -17 0
3852 - -18 0
3856 - -26 0
3858 - -27 0
3860 - -32 0
3862 - -34 0
3864 - -35 0
3866 - -40 0
3868 - -41 0
3870 - -43 0
3872 - -47 0
3874 - -49 0
3876 - -51 0
3878 - -53 0
3880 - -56 0
3882 - -58 0
3884 - -61 0
3888 - -64 0
3890 - -67 0
3892 - -66 0
3894 - -68 0
3896 - -70 0
3898 - -67 0
3904 - -62 0
3906 - -60 0
3908 - -57 0
3910 A -55 0
3912 - -46 0
3914 - -43 0
3916 - -41 0
3918 - -31 0
3920 A -28 0
3922 A -26 0
3924 A -16 0
3926 A -13 0
3928 A -10 0
3930 A -8 0
3932 A -9 0
3934 A -8 0
3936 A -6 0
3940 A -5 0
3942 A -4 0
3944 A -3 0
3948 A -2 0
3950 A -1 0
3952 A
3958 A 1 0
3964 A 4 0
3972 A 3 0
3974 A 7 0
3980 A 10 0
3986 A 13 0
3992 A 16 0
3998 A 9 0
4000 A 4 0
4002 A 3 0
4004 A -1 0
4006 A -2 0
4008 A -3 0
4010 A -7 0
4012 A -8 0
4014 A -11 0
4016 A -13 0
4018 A -14 0
4020 A -17 0
4022 A -18 0
4024 A -20 0
4026 A -22 0
4028 A -24 0
4030 A -26 0
4032 A -27 0
4034 A -29 0
4036 A -30 0
4038 A -31 0
4040 A -32 0
4042 A -33 0
4046 A -34 0
4048 A -36 0
4050 A -35 0
4052 A -36 0
4054 A -34 0
4056 A -35 0
4058 A -33 0
4064 A -26 0
4066 A -25 0
4068 A -24 0
4070 A -23 0
4072 A -21 0
4074 A -20 0
4076 A -17 0
4078 A -16 0
4080 A -14 0
4082 A -12 0
4084 A -9 0
4088 A -8 0
4090 A -5 0
4092 A -4 0
4094 A -1 0
4098 A 1 0
4102 A 4 0
4106 A 7 0
4108 A 8 0
4110 A 11 0
4114 A 13 0
4118 A 16 0
4122 A 18 0
4126 A 20 0
4130 A 21 0
4134 A 22 0
4136 A 21 0
4138 A 22 0
4140 A 21 0
4144 A 20 0
4150 A 19 0
4152 A 18 0
4154 A 17 0
4156 A 16 0
4158 A 15 0
4160 A 12 0
4162 A 11 0
4164 A 10 0
4166 A 8 0
4168 A 7 0
4170 A 5 0
4172 A 4 0
4174 A 2 0
4178 A
4180 A -1 0
4182 A -2 0
4184 A -4 0
4188 A -6 0
4190 A -8 0
4194 A -10 0
4198 A -12 0
4200 A -13 0
4204 A -15 0
4208 A -16 0
4214 A -17 0
4216 A -16 0
4222 A -15 0
4226 A -14 0
4228 A -13 0
4230 A -12 0
4234 A -11 0
4236 A -10 0
4238 A -9 0
4240 A -8 0
4242 A -7 0
4244 A -6 0
4246 A -5 0
4250 A -3 0
4252 A -2 0
4256 A
4260 A 1 0
4262 A 2 0
4266 A 4 0
4268 A 6 0
4272 B 7 0
4276 B 9 0
4278 B 12 0
4280 B 11 0
4282 B 13 0
4286 B 15 0
4290 B 17 0
4292 B 15 0
4294 B 12 0
4296 B 13 0
4298 B 11 0
4300 B 12 0
4302 - 10 0
4304 - 11 0
4306 - 9 0
4308 - 11 0
4310 - 9 0
4312 - 11 0
4314 - 9 0
4316 B 10 0
4318 B 9 0
4320 B 8 0
4322 B 9 0
4324 B 5 0
4326 B 7 0
4328 B 6 0
4330 B 8 0
4332 B 7 0
4334 A 6 0
4336 B 8 0
4338 B 7 0
4340 B 14 0
4342 B 13 0
4344 A 13 0
4346 B 19 0
4348 B 18 0
4350 B 23 0
4352 - 18 0
4356 - 24 0
4360 - 25 0
4362 - 29 0
4366 - 30 0
4368 - 33 0
4372 - 34 0
4376 - 35 0
4380 - 34 0
4386 - 32 0
4388 - 31 0
4390 A 31 0
4392 A 28 0
4394 A 27 0
4398 A 22 0
4400 A 21 0
4404 A 16 0
4406 A 15 0
4410 A 8 0
4416 A 1 0
4420 A -4 0
4422 A -5 0
4426 A -11 0
4428 A -12 0
4432 A -18 0
4436 A -7 0
4438 A
4440 A 1 0
4442 A 9 0
4444 A 10 0
4446 A 11 0
4448 A 18 0
4450 A 19 0
4452 B 21 0
4454 A 26 0
4456 A 27 0
4458 A 30 0
4460 A 31 0
4462 A 32 0
4464 A 34 0
4466 A 35 0
4472 A 36 0
4474 A 34 0
4480 B 31 0
4482 A 31 0
4484 A 27 0
4486 A 26 0
4490 A 21 0
4492 A 20 0
4494 A 15 0
4496 A 14 0
4498 A 13 0
4500 A 7 0
4504 A 1 0
4506 A
4510 A -5 0
4514 A -11 0
4516 A -12 0
4518 A -18 0
4524 A -23 0
4528 A -28 0
4534 A -21 0
4536 A -20 0
4538 A -14 0
4540 A -13 0
4542 A -7 0
4544 A -6 0
4546 A -4 0
4548 A
4550 A 1 0
4552 - 5 0
4554 A 6 0
4556 - 10 0
4558 - 11 0
4560 A 13 0
4562 - 21 0
4564 A 23 0
4566 - 29 0
4568 - 31 0
4570 A 37 0
4572 - 39 0
4574 - 41 0
4576 A 46 0
4578 A 48 0
4580 A 52 0
4582 A 55 0
4584 A 59 0
4586 A 62 0
4588 A 64 0
4590 B 65 0
4592 A 66 0
4594 A 67 0
4596 A 63 0
4598 A 62 0
4600 A 60 0
4602 A 52 0
4604 A 49 0
4606 A 46 0
4608 A 37 0
4610 A 33 0
4612 A 27 0
4614 A 23 0
4616 A 16 0
4618 A 13 0
4620 A 10 0
4622 A 6 0
4624 A 10 0
4626 A 9 0
4628 A 13 0
4630 A 16 0
4632 A 15 0
4634 A 19 0
4636 A 21 0
4638 A 24 0
4640 A 25 0
4642 A 28 0
4644 A 31 0
4646 A 33 0
4648 A 32 0
4650 A 30 0
4652 A 28 0
4654 A 29 0
4658 A 26 0
4662 A 22 0
4666 A 18 0
4668 A 17 0
4672 A 12 0
4674 A 11 0
4676 A 7 0
4678 A 6 0
4680 A 3 0
4682 A 2 0
4686 A
4690 A -3 0
4694 A -7 0
4698 A -10 0
4702 A -13 0
4704 A -14 0
4706 A -16 0
4708 A -17 0
4710 A -19 0
4712 A -20 0
4714 A -22 0
4716 A -23 0
4718 A -25 0
4722 A -27 0
4726 A -29 0
4728 A -28 0
4730 A -29 0
4732 A -28 0
4736 A -26 0
4740 A -24 0
4742 A -23 0
4744 A -22 0
4746 A -20 0
4748 A -19 0
4750 A -17 0
4752 A -15 0
4754 A -12 0
4756 A -11 0
4758 A -8 0
4760 A -7 0
4762 A -4 0
4764 A -3 0
4766 A -2 0
4768 A -1 0
4770 A
4776 A 1 0
4778 A 2 0
4780 A 3 0
4782 B 4 0
4784 B 5 0
4786 B 6 0
4788 A 6 0
4790 B 7 0
4792 B 6 0
4794 B 8 0
4798 B 9 0
4802 B 10 0
4804 - 10 0
4806 - 11 0
4810 - 13 0
4812 - 12 0
4814 - 13 0
4818 - 15 0
4820 - 14 0
4822 - 16 0
4826 - 17 0
4828 - 16 0
4830 - 17 0
4834 - 18 0
4838 - 17 0
4840 B 16 0
4842 B 15 0
4844 B 14 0
4846 - 13 0
4848 B 12 0
4852 B 14 0
4854 A 13 0
4858 B 15 0
4860 B 14 0
4862 B 15 0
4872 A 14 0
4878 A 13 0
4882 A 11 0
4888 A 9 0
4894 A 7 0
4898 A 11 0
4902 A 12 0
4904 A 15 0
4908 A 18 0
4912 A 19 0
4914 A 20 0
4916 A 21 0
4920 A 22 0
4922 A 21 0
4924 A 22 0
4928 A 20 0
4930 - 21 0
4932 A 21 0
4934 - 18 0
4936 A 19 0
4938 A 15 0
4940 - 16 0
4942 A 19 0
4944 - 20 0
4946 A 22 0
4948 A 23 0
4950 A 24 0
4952 - 25 0
4954 A 25 0
4958 A 26 0
4960 - 24 0
4962 A 25 0
4964 A 22 0
4968 A 20 0
4970 A 19 0
4974 A 20 0
4976 A 15 0
4978 A 16 0
4980 A 11 0
4986 A 6 0
4990 A 4 0
4992 A 5 0
4994 A 3 0
4998 A 1 0
5002 A
5008 A -2 0
5012 A -5 0
5016 A -8 0
5020 A -7 0
5022 A -9 0
5024 A -8 0
5026 A -7 0
5028 A -8 0
5030 A -6 0
5032 A -5 0
5034 A -3 0
5036 A -2 0
5038 A -1 0
5040 A
5046 A 1 0
5050 A 2 0
5052 A 1 0
5054 A 2 0
5056 A 1 0
5058 A 2 0
5060 A 1 0
5062 A 2 0
5064 A 1 0
5068 A
5070 A 1 0
5072 A
5076 A -3 0
5080 A -8 0
5084 A -12 0
5088 B -15 0
5092 B -18 0
5094 - -18 0
5096 - -17 0
5098 - -19 0
5102 - -21 0
5106 - -22 0
5110 A -22 0
5118 A -21 0
5120 A -20 0
5122 A -19 0
5126 A -17 0
5128 A -16 0
5130 A -14 0
5132 A -13 0
5134 A -11 0
5136 A -10 0
5138 A -8 0
5140 A -7 0
5142 A -4 0
5146 A -1 0
5150 A 1 0
5152 A
5154 A 3 0
5158 A 6 0
5160 A 9 0
5164 A 12 0
5168 A 15 0
5172 A 14 0
5174 A 13 0
5176 A 12 0
5178 A 11 0
5180 A 9 0
5182 A 8 0
5184 A 7 0
5186 A 6 0
5188 A 5 0
5190 A 4 0
5192 A 3 0
5194 A 2 0
5198 A
5202 A -1 0
5206 A -3 0
5208 A -2 0
5210 A -4 0
5214 A -5 0
5216 A -4 0
5218 A -6 0
5220 A -5 0
5222 A -6 0
5224 A -5 0
5226 A -4 0
5228 A -5 0
5230 B -3 0
5232 B -5 0
5234 B -7 0
5236 B -8 0
5238 B -10 0
5240 - -11 0
5242 B -12 0
5244 B -13 0
5246 B -14 0
5248 B -15 0
5250 - -16 0
5252 - -17 0
5258 - -18 0
5260 - -17 0
5262 - -18 0
5264 - -17 0
5266 A -17 0
5268 - -15 0
5272 A -16 0
5274 - -13 0
5278 A -16 0
5280 - -16 0
5282 - -18 0
5284 A -19 0
5286 - -19 0
5288 B -20 0
5290 B -21 0
5292 A -21 0
5294 B -21 0
5296 B -20 0
5300 B -21 0
5302 B -19 0
5306 A -19 0
5308 A -16 0
5310 B -16 0
5312 A -16 0
5314 B -13 0
5318 A -18 0
5320 - -13 0
5322 - -14 0
5324 - -9 0
5328 - -10 0
5330 - -4 0
5332 - -5 0
5336 -
5340 - -1 0
5342 - 4 0
5348 -
5350 - -1 0
5354 - -5 0
5356 - -6 0
5358 - -7 0
5360 - -10 0
5362 - -11 0
5364 - -12 0
5366 - -13 0
5368 - -14 0
5370 - -15 0
5372 - -16 0
5374 A -17 0
5378 A -18 0
5384 A -19 0
5386 A -18 0
5392 A -16 0
5394 A -17 0
5398 A -14 0
5404 A -22 0
5410 B -31 0
5414 B -23 0
5416 - -32 0
5418 - -33 0
5420 - -34 0
5422 - -41 0
5424 - -42 0
5428 - -47 0
5432 - -48 0
5434 - -49 0
5440 - -48 0
5442 - -47 0
5448 - -46 0
5450 - -41 0
5454 - -40 0
5456 A -40 0
5458 A -33 0
5460 A -32 0
5462 A -31 0
5464 A -23 0
5466 A -22 0
5468 A -21 0
5470 A -20 0
5472 A -11 0
5474 A -10 0
5476 A -9 0
5478 A
5482 A 1 0
5484 A 10 0
5486 A 11 0
5490 A 12 0
5492 A 21 0
5498 A 30 0
5504 A 37 0
5510 A 43 0
5514 A 42 0
5516 A 47 0
5518 A 46 0
5520 A 45 0
5522 A 31 0
5524 A 29 0
5526 A 27 0
5528 A 4 0
5530 A 1 0
5532 A -1 0
5534 A -10 0
5536 A -12 0
5538 A -14 0
5540 A -23 0
5542 A -25 0
5544 A -27 0
5570 A -34 0
5572 A -80 0
5716 A 0 -80
5718 A 80 -80
5752 -
