# Arcade, one player: Mirror Desert in Snow weather, car 11 (Automatic transmission), driven on the computer driver's racing line.
#
# Written by tools/tgrally/n64drive.py (plan 'arc_mdesert_snow_car11'); the driver saw:
#   TOP GEAR RALLY: row 2
#   TRACK SELECT: row 2
#   P1 car 1
#   cheats: cars car9 car10 car11 car12 car15 tracks mirrors
#   TOP GEAR RALLY: row 1
#   1P/2P SELECT: row 0
#   TRACK SELECT: row 5
#   WEATHER SELECT: row 3
#   P1 car 11 handling=Type 2 transmission=Automatic tires=Normal suspension=Normal
#   race 2400 frames; P1 drove 0.15 laps
frames 6201
0 -
80 A
88 -
294 START
302 -
502 - 80 0
510 -
534 - 80 0
542 -
626 - 80 0
634 -
670 A
678 -
728 A
736 -
834 START
858 -
872 A
896 -
910 A
934 -
948 A
972 -
986 A
1010 -
1024 A
1058 -
1106 A
1114 -
1122 DL
1130 -
1138 DL
1146 -
1154 CD
1162 -
1170 A
1178 -
1186 DR
1194 -
1202 Z
1210 -
1226 DU
1234 -
1242 DU
1250 -
1258 Z
1266 -
1274 B
1282 -
1290 A
1298 -
1306 DL
1314 -
1322 DL
1330 -
1346 DD
1354 -
1362 A
1370 -
1378 DR
1386 -
1394 Z
1402 -
1410 DR
1418 -
1426 DU
1434 -
1442 CD
1450 -
1466 CD
1474 -
1482 DU
1490 -
1498 B
1506 -
1514 DR
1522 -
1530 A
1538 -
1546 CD
1554 -
1562 A
1570 -
1578 DR
1586 -
1602 B
1610 -
1618 B
1626 -
1634 A
1642 -
1650 DL
1658 -
1666 DL
1674 -
1682 CD
1690 -
1698 A
1706 -
1714 DR
1722 -
1738 DR
1746 -
1754 DU
1762 -
1770 DL
1778 -
1786 CD
1794 -
1802 CD
1810 -
1818 A
1826 -
1834 DR
1842 -
1850 Z
1858 -
1874 A
1882 -
1890 DL
1898 -
1906 DL
1914 -
1922 DR
1930 -
1938 DD
1946 -
1954 Z
1962 -
1978 DR
1986 -
1994 DU
2002 -
2010 DL
2018 -
2026 CD
2034 -
2042 DR
2050 -
2058 DD
2066 -
2074 Z
2082 -
2090 START
2098 -
2158 DU
2166 -
2206 START
2214 -
2250 - -80 0
2258 -
2294 A
2302 -
2352 A
2360 -
2398 - 80 0
2406 -
2430 - 80 0
2438 -
2522 - 80 0
2530 -
2554 - 80 0
2562 -
2646 - 80 0
2654 -
2690 A
2698 -
2736 - -80 0
2744 -
2768 - -80 0
2776 -
2860 - -80 0
2868 -
2904 A
2912 -
3010 - 80 0
3034 -
3052 - 80 0
3076 -
3094 - 80 0
3118 -
3136 - 80 0
3160 -
3178 - 80 0
3202 -
3220 - 80 0
3244 -
3262 - 80 0
3286 -
3304 - 80 0
3328 -
3346 - 80 0
3370 -
3388 - 80 0
3412 -
3430 A
3454 -
3468 - 80 0
3492 -
3510 A
3534 -
3548 A
3572 -
3586 - 80 0
3610 -
3628 - 80 0
3652 -
3670 A
3694 -
3708 A
3732 -
3746 A
3780 -
3800 A 16 0
3808 A 17 0
3842 A 18 0
4068 A 19 0
4080 A 13 0
4088 A 14 0
4102 A 15 0
4112 A 10 0
4126 A 11 0
4134 A 9 0
4144 A 10 0
4150 A 7 0
4158 A 8 0
4162 A 5 0
4164 A 4 0
4166 A 5 0
4174 A 4 0
4180 A 5 0
4184 A 4 0
4190 A 5 0
4192 A 4 0
4200 A 5 0
4202 A 4 0
4214 A 5 0
4216 A 4 0
4222 A 5 0
4224 A 4 0
4226 A 5 0
4240 A 6 0
4254 A 7 0
4256 A 6 0
4258 A 7 0
4280 A 6 0
4284 A 7 0
4286 A 6 0
4296 A 5 0
4302 A 4 0
4306 A 3 0
4312 A 2 0
4316 A 1 0
4318 A
4322 A -1 0
4326 A -2 0
4328 A -3 0
4330 A -4 0
4332 A -5 0
4334 A -6 0
4336 A -7 0
4338 A -8 0
4340 A -10 0
4342 A -12 0
4344 A -13 0
4346 A -14 0
4348 A -16 0
4350 A -17 0
4352 A -18 0
4354 A -20 0
4356 A -21 0
4358 A -22 0
4360 A -24 0
4362 A -25 0
4364 A -26 0
4366 A -27 0
4368 A -29 0
4370 A -30 0
4372 A -31 0
4374 A -32 0
4376 A -33 0
4378 A -34 0
4380 A -35 0
4382 A -36 0
4384 A -37 0
4386 A -38 0
4388 A -39 0
4390 A -40 0
4394 A -37 0
4396 A -27 0
4398 A -20 0
4400 A -17 0
4402 A -19 0
4404 A -18 0
4406 A -17 0
4408 A -18 0
4410 A -17 0
4414 A -16 0
4418 A -15 0
4420 A -14 0
4422 A -13 0
4430 A -12 0
4436 A -11 0
4438 A -12 0
4440 A -11 0
4446 A -10 0
4454 A -9 0
4460 A -8 0
4462 A -9 0
4464 A -8 0
4472 A -9 0
4474 A -8 0
4476 A -9 0
4478 A -8 0
4482 A -9 0
4492 A -10 0
4498 A -11 0
4502 A -13 0
4504 A -15 0
4506 A -20 0
4508 A -22 0
4510 A -20 0
4512 A -18 0
4514 A -19 0
4516 A -20 0
4518 A -21 0
4520 A -19 0
4524 A -20 0
4528 A -18 0
4530 A -19 0
4532 A -20 0
4534 A -18 0
4540 A -17 0
4542 A -15 0
4546 A -14 0
4548 A -15 0
4550 A -11 0
4552 A -10 0
4554 A -11 0
4556 A -10 0
4558 A -9 0
4560 A -8 0
4566 A -7 0
4568 A -8 0
4572 A -7 0
4584 A -6 0
4586 A -7 0
4588 A -6 0
4590 A -7 0
4592 A -6 0
4594 A -7 0
4596 A -6 0
4602 A -5 0
4604 - -5 0
4606 A -5 0
4610 - -4 0
4612 A -5 0
4614 - -5 0
4616 A -4 0
4620 - -4 0
4622 A -4 0
4626 - -3 0
4628 A -3 0
4630 - -3 0
4632 A -3 0
4636 - -3 0
4638 A -2 0
4640 - -2 0
4642 A -2 0
4646 - -2 0
4648 A -2 0
4652 - -3 0
4654 A -3 0
4656 - -3 0
4658 A -3 0
4662 - -4 0
4664 A -4 0
4666 - -4 0
4668 A -4 0
4670 A -5 0
4672 - -5 0
4674 B -5 0
4676 B -6 0
4678 A -6 0
4680 B -5 0
4686 B -4 0
4688 B -5 0
4690 B -4 0
4698 B -5 0
4700 B -4 0
4710 B -3 0
4712 B -2 0
4716 B
4718 B -2 0
4720 B
4724 B 1 0
4728 B 2 0
4730 - 3 0
4732 - 4 0
4734 - 5 0
4736 - 6 0
4740 - 8 0
4744 - 11 0
4748 - 13 0
4750 - 14 0
4752 - 16 0
4754 - 17 0
4756 - 19 0
4758 - 20 0
4760 B 22 0
4762 B 23 0
4764 B 24 0
4766 B 25 0
4768 B 26 0
4770 B 27 0
4772 B 28 0
4774 B 32 0
4776 B 33 0
4778 B 35 0
4780 A 38 0
4782 A 39 0
4784 A 42 0
4786 A 43 0
4788 A 45 0
4790 A 47 0
4792 A 49 0
4794 A 50 0
4796 A 53 0
4798 A 56 0
4800 A 59 0
4802 A 62 0
4804 A 64 0
4806 A 67 0
4808 A 68 0
4810 - 71 0
4812 - 74 0
4814 A 73 0
4816 - 75 0
4818 A 75 0
4820 - 77 0
4822 - 76 0
4824 A 63 0
4826 A 67 0
4828 A 68 0
4830 A 65 0
4832 A 62 0
4834 A 61 0
4836 A 64 0
4840 A 65 0
4842 A 64 0
4844 A 59 0
4850 A 56 0
4852 A 51 0
4856 A 53 0
4858 A 54 0
4860 A 56 0
4862 A 53 0
4864 A 51 0
4866 A 55 0
4868 A 52 0
4870 A 49 0
4872 A 46 0
4874 A 48 0
4876 A 44 0
4880 A 43 0
4882 A 38 0
4884 A 40 0
4886 A 33 0
4888 A 31 0
4890 A 25 0
4892 A 26 0
4894 A 22 0
4896 A 17 0
4898 A 14 0
4902 A 9 0
4906 A 5 0
4908 A
4912 A -2 0
4916 A -6 0
4920 B -9 0
4924 B -12 0
4926 B -15 0
4928 B -13 0
4930 B -16 0
4932 B -17 0
4934 B -20 0
4936 B -21 0
4938 B -22 0
4940 B -25 0
4942 B -26 0
4944 B -29 0
4946 B -31 0
4948 B -33 0
4950 - -36 0
4952 - -38 0
4954 - -41 0
4956 - -43 0
4958 - -46 0
4960 - -48 0
4962 - -51 0
4964 - -52 0
4966 - -55 0
4968 - -57 0
4970 - -60 0
4972 A -76 0
4974 A -80 0
4976 A -66 0
4978 A -56 0
4980 A -49 0
4982 A -44 0
4984 A -40 0
4986 A -36 0
4988 A -32 0
4990 A -29 0
4992 A -26 0
4994 A -24 0
4996 A -22 0
4998 A -20 0
5000 A -18 0
5002 A -17 0
5004 A -15 0
5006 A -14 0
5008 A -13 0
5010 A -11 0
5012 A -10 0
5014 A -9 0
5016 A -8 0
5020 A -7 0
5032 A -8 0
5044 A -9 0
5046 A 3 0
5050 A 4 0
5052 A 12 0
5064 A 13 0
5066 A 18 0
5072 A 19 0
5080 A 20 0
5086 A 21 0
5096 A 19 0
5100 A 18 0
5104 A 17 0
5106 A 15 0
5110 A 14 0
5112 A 13 0
5116 A 10 0
5120 A 9 0
5122 A 8 0
5124 A 5 0
5126 A 4 0
5130 A 3 0
5132 A
5134 A -1 0
5136 A -2 0
5138 A -3 0
5140 A -7 0
5142 A -8 0
5144 A -12 0
5146 A -13 0
5148 A -17 0
5150 A -18 0
5152 A -19 0
5154 A -22 0
5156 A -24 0
5158 A -25 0
5160 A -27 0
5162 A -29 0
5164 A -31 0
5166 A -32 0
5168 A -35 0
5170 A -36 0
5172 A -38 0
5174 - -40 0
5176 - -41 0
5178 - -43 0
5180 - -49 0
5182 - -51 0
5184 A -53 0
5186 - -58 0
5188 - -59 0
5190 - -61 0
5192 - -63 0
5194 - -67 0
5196 - -69 0
5198 - -71 0
5200 - -73 0
5202 - -75 0
5204 - -76 0
5206 A -76 0
5210 A -77 0
5212 - -74 0
5216 A -75 0
5220 - -70 0
5224 A -70 0
5226 A -66 0
5228 A -65 0
5230 A -64 0
5234 A -58 0
5236 A -56 0
5238 A -55 0
5240 A -48 0
5242 A -47 0
5244 A -46 0
5246 A -35 0
5248 A -57 0
5250 A -45 0
5252 A -46 0
5254 A -47 0
5256 A -43 0
5258 A -45 0
5260 A -47 0
5264 A -44 0
5270 A -47 0
5272 A -49 0
5274 A -48 0
5276 A -51 0
5278 A -52 0
5280 A -47 0
5282 A -46 0
5284 A -44 0
5286 A -47 0
5288 A -50 0
5290 - -48 0
5292 A -50 0
5294 B -48 0
5296 A -50 0
5298 A -47 0
5300 B -44 0
5302 B -47 0
5304 A -50 0
5306 A -51 0
5308 B -54 0
5312 B -56 0
5314 B -59 0
5316 B -54 0
5318 A -51 0
5320 A -52 0
5324 A -54 0
5326 A -53 0
5328 A -55 0
5330 A -57 0
5332 A -55 0
5334 A -56 0
5336 A -53 0
5338 A -49 0
5340 A -53 0
5342 B -54 0
5344 B -57 0
5346 B -60 0
5348 B -59 0
5350 B -62 0
5352 B -58 0
5354 A -56 0
5356 A -52 0
5358 A -51 0
5360 A -54 0
5362 A -56 0
5364 A -54 0
5366 A -56 0
5368 A -57 0
5370 A -58 0
5372 A -55 0
5374 A -52 0
5378 A -56 0
5380 A -59 0
5384 A -61 0
5388 A -59 0
5390 A -56 0
5392 A -51 0
5394 A -54 0
5396 - -54 0
5398 - -57 0
5400 - -60 0
5402 A -61 0
5404 A -60 0
5406 A -57 0
5408 - -53 0
5410 - -57 0
5412 - -62 0
5414 - -61 0
5416 - -64 0
5418 A -63 0
5420 A -61 0
5422 A -54 0
5424 - -56 0
5426 - -60 0
5428 - -59 0
5430 - -62 0
5432 - -63 0
5434 A -63 0
5436 A -61 0
5438 - -57 0
5440 - -61 0
5442 - -62 0
5444 - -65 0
5446 A -69 0
5448 - -67 0
5450 - -70 0
5452 A -69 0
5454 - -72 0
5456 - -70 0
5458 A -72 0
5460 - -76 0
5462 - -75 0
5464 A -78 0
5466 - -80 0
5468 A -77 0
5470 - -79 0
5472 A -74 0
5474 - -74 0
5476 - -62 0
5478 - -57 0
5480 A -46 0
5482 A -40 0
5484 A -36 0
5486 A -27 0
5488 A -22 0
5490 A -13 0
5492 A -9 0
5494 A -6 0
5496 A 2 0
5498 A 6 0
5500 A 9 0
5502 A 18 0
5504 A 21 0
5506 A 31 0
5508 A 33 0
5510 A 36 0
5512 A 43 0
5514 A 45 0
5516 A 53 0
5518 A 55 0
5520 A 57 0
5522 A 59 0
5524 A 66 0
5526 A 68 0
5528 B 69 0
5530 A 76 0
5532 - 70 0
5536 - 78 0
5542 - 80 0
5554 A 80 0
5570 A 79 0
5572 A 80 0
5574 A 78 0
5576 A 75 0
5578 A 72 0
5580 A 73 0
5582 A 69 0
5584 A 66 0
5586 A 63 0
5588 A 61 0
5590 A 57 0
5592 A 54 0
5594 A 52 0
5596 A 49 0
5598 A 47 0
5600 A 45 0
5602 A 42 0
5604 A 40 0
5606 A 38 0
5608 A 34 0
5610 A 33 0
5612 A 32 0
5614 A 27 0
5616 A 26 0
5620 A 19 0
5624 A 18 0
5626 A 7 0
5628 A 6 0
5630 A 5 0
5632 A
5634 A -1 0
5638 A -7 0
5640 A -8 0
5642 A -12 0
5644 A -13 0
5646 A -14 0
5648 A -18 0
5650 A -19 0
5654 A -24 0
5658 A -25 0
5660 A -30 0
5666 A -35 0
5668 A -36 0
5672 A -41 0
5676 A -42 0
5678 A -47 0
5682 A -48 0
5684 A -52 0
5686 A -53 0
5688 A -57 0
5690 A -58 0
5692 A -59 0
5694 A -63 0
5696 A -65 0
5698 A -68 0
5700 A -69 0
5702 A -70 0
5704 A -72 0
5706 A -73 0
5708 A -74 0
5710 A -75 0
5712 A -74 0
5714 A -75 0
5718 A -72 0
5722 A -68 0
5724 A -67 0
5726 A -66 0
5728 A -60 0
5730 A -59 0
5732 A -53 0
5734 A -51 0
5736 A -44 0
5738 A -42 0
5740 A -41 0
5742 A -33 0
5744 A -26 0
5746 A -19 0
5748 A -17 0
5750 A -21 0
5752 A -36 0
5754 A -49 0
5756 A -56 0
5758 A -68 0
5760 - -74 0
5762 - -80 0
5764 B -80 0
5790 A -80 0
5920 A 0 -80
5922 A 80 -80
5970 A 79 -80
5972 A 75 -80
5974 A 80 -80
5976 A 76 -80
5978 A 71 -80
5980 A 65 -80
5982 A 59 -80
5984 A 54 -80
5986 A 49 -80
5988 A 43 -80
5990 A 38 -80
5992 A 34 -80
5994 A 24 -80
5996 A 20 -80
5998 A 16 -80
6000 A 17 -80
6002 A 13 -80
6004 A 9 -80
6006 A 6 -80
6008 A 3 -80
6010 A 0 -80
6012 A -2 -80
6014 A -5 -80
6016 A -8 -80
6018 A -7 -80
6020 A -10 -80
6022 A -13 -80
6024 A -15 -80
6026 A -17 -80
6028 A -19 -80
6030 A -21 -80
6032 A -20 -80
6034 A -22 -80
6036 A -24 -80
6038 A -26 -80
6040 A -27 -80
6042 A -29 -80
6044 A -26 -80
6046 A -27 -80
6048 A -28 -80
6050 A -33 -80
6052 A -34 -80
6054 A -35 -80
6056 A -32 -80
6058 A -33 -80
6062 A -34 -80
6066 A -30 -80
6070 A -31 -80
6078 A 1 -80
6080 A 17 -80
6082 A 31 -80
6084 A 44 -80
6086 A 53 -80
6088 A 54 -80
6092 A 53 -80
6102 A -52 0
6106 A -51 0
6110 A -50 0
6116 A -49 0
6124 A -50 0
6130 A -51 0
6134 A -52 0
6140 A -53 0
6146 A -54 0
6152 A -55 0
6156 A -56 0
6158 A -40 0
6160 A -41 0
6176 A -42 0
6180 A -43 0
6182 A -44 0
6196 A -45 0
6200 -
