# Arcade, one player: Coastline in Snow weather, car 5 (Automatic transmission), driven on the computer driver's racing line.
#
# Written by tools/tgrally/n64drive.py (plan 'arc_coast_snow_car5'); the driver saw:
#   TOP GEAR RALLY: row 2
#   TRACK SELECT: row 2
#   P1 car 1
#   cheats: cars car9 car10 car11 car12 car15 tracks mirrors
#   TOP GEAR RALLY: row 1
#   1P/2P SELECT: row 0
#   TRACK SELECT: row 2
#   WEATHER SELECT: row 3
#   P1 car 5 handling=Type 3 transmission=Automatic tires=Normal suspension=Softer
#   race 2400 frames; P1 drove 0.28 laps
frames 5795
0 -
80 A
88 -
294 START
302 -
502 - 80 0
510 -
534 - 80 0
542 -
626 - 80 0
634 -
670 A
678 -
728 A
736 -
834 START
858 -
872 A
896 -
910 A
934 -
948 A
972 -
986 A
1010 -
1024 A
1058 -
1106 A
1114 -
1122 DL
1130 -
1138 DL
1146 -
1154 CD
1162 -
1170 A
1178 -
1186 DR
1194 -
1202 Z
1210 -
1226 DU
1234 -
1242 DU
1250 -
1258 Z
1266 -
1274 B
1282 -
1290 A
1298 -
1306 DL
1314 -
1322 DL
1330 -
1346 DD
1354 -
1362 A
1370 -
1378 DR
1386 -
1394 Z
1402 -
1410 DR
1418 -
1426 DU
1434 -
1442 CD
1450 -
1466 CD
1474 -
1482 DU
1490 -
1498 B
1506 -
1514 DR
1522 -
1530 A
1538 -
1546 CD
1554 -
1562 A
1570 -
1578 DR
1586 -
1602 B
1610 -
1618 B
1626 -
1634 A
1642 -
1650 DL
1658 -
1666 DL
1674 -
1682 CD
1690 -
1698 A
1706 -
1714 DR
1722 -
1738 DR
1746 -
1754 DU
1762 -
1770 DL
1778 -
1786 CD
1794 -
1802 CD
1810 -
1818 A
1826 -
1834 DR
1842 -
1850 Z
1858 -
1874 A
1882 -
1890 DL
1898 -
1906 DL
1914 -
1922 DR
1930 -
1938 DD
1946 -
1954 Z
1962 -
1978 DR
1986 -
1994 DU
2002 -
2010 DL
2018 -
2026 CD
2034 -
2042 DR
2050 -
2058 DD
2066 -
2074 Z
2082 -
2090 START
2098 -
2158 DU
2166 -
2206 START
2214 -
2250 - -80 0
2258 -
2294 A
2302 -
2352 A
2360 -
2410 A
2418 -
2456 - -80 0
2464 -
2488 - -80 0
2496 -
2580 - -80 0
2588 -
2624 A
2632 -
2730 - 80 0
2754 -
2772 - 80 0
2796 -
2814 - 80 0
2838 -
2856 - 80 0
2880 -
2898 A
2922 -
2936 - 80 0
2960 -
2978 - 80 0
3002 -
3020 A
3044 -
3058 A
3082 -
3096 - 80 0
3120 -
3138 - 80 0
3162 -
3180 A
3204 -
3218 - 80 0
3242 -
3260 - 80 0
3284 -
3302 A
3326 -
3340 A
3374 -
3394 A -17 0
3666 A -16 0
3672 A -15 0
3678 A -14 0
3680 A -8 0
3690 A -7 0
3700 A -3 0
3704 A -1 0
3722 A
3994 A -2 0
3996 A -3 0
3998 A -4 0
4000 A -5 0
4002 A -6 0
4004 A -7 0
4008 A -8 0
4010 A -9 0
4012 A -10 0
4014 A -11 0
4018 A -12 0
4020 B -12 0
4022 A -13 0
4024 B -13 0
4028 B -14 0
4034 A -14 0
4036 B -14 0
4042 B -17 0
4046 B -19 0
4048 A -20 0
4050 A -21 0
4056 A -20 0
4058 A -19 0
4060 A -18 0
4062 A -17 0
4064 A -15 0
4066 A -14 0
4068 A -11 0
4070 A -10 0
4072 A -7 0
4076 A -3 0
4080 A
4084 A 1 0
4088 A 2 0
4092 A 3 0
4096 A 5 0
4100 A
4102 A -3 0
4104 A -8 0
4106 A -11 0
4108 A -15 0
4110 A -18 0
4112 A -22 0
4114 A -25 0
4116 A -28 0
4118 A -30 0
4120 A -33 0
4122 A -34 0
4124 A -35 0
4126 A -34 0
4128 A -33 0
4130 A -32 0
4132 A -29 0
4134 A -31 0
4138 A -32 0
4140 A -31 0
4142 A -29 0
4144 A -30 0
4146 A -26 0
4148 A -29 0
4152 A -28 0
4154 A -30 0
4156 A -29 0
4158 A -28 0
4160 A -29 0
4162 A -25 0
4164 A -22 0
4166 A -24 0
4168 A -23 0
4170 A -21 0
4172 A -22 0
4174 A -20 0
4178 A -19 0
4180 A -17 0
4182 A -15 0
4184 A -16 0
4186 A -13 0
4188 A -11 0
4192 A -8 0
4194 A -7 0
4198 A -6 0
4200 A -5 0
4202 A -6 0
4204 A -5 0
4206 A -4 0
4208 A -3 0
4210 A -4 0
4212 A -3 0
4214 A -2 0
4218 A -1 0
4224 A
4232 A 1 0
4236 - 2 0
4238 A 3 0
4240 - 3 0
4242 A 4 0
4244 A 5 0
4246 - 7 0
4248 A 7 0
4250 - 8 0
4252 A 9 0
4254 - 10 0
4256 A 11 0
4258 A 12 0
4260 - 13 0
4262 A 13 0
4264 - 14 0
4266 A 14 0
4270 - 14 0
4272 A 14 0
4274 - 13 0
4276 A 12 0
4278 - 10 0
4280 A 9 0
4282 A 8 0
4284 - 7 0
4286 A 5 0
4288 - 4 0
4290 A 3 0
4292 A 2 0
4294 -
4296 A
4298 A -1 0
4300 - -2 0
4302 A -4 0
4306 A -5 0
4308 - -7 0
4310 A -7 0
4312 A -9 0
4314 - -10 0
4316 A -11 0
4320 - -12 0
4322 A -13 0
4324 A -12 0
4326 - -12 0
4328 A -13 0
4330 A -12 0
4332 - -12 0
4334 B -12 0
4336 B -10 0
4338 A -10 0
4340 B -9 0
4342 B -8 0
4344 B -7 0
4346 B -6 0
4348 B -5 0
4350 B -4 0
4352 B -3 0
4354 B -2 0
4356 B -1 0
4358 B
4364 B 1 0
4368 B 2 0
4370 B 3 0
4374 B 4 0
4376 B 5 0
4380 B 6 0
4382 B 7 0
4386 B 8 0
4388 B 11 0
4392 B 13 0
4394 B 14 0
4396 B 15 0
4400 B 16 0
4402 B 14 0
4404 B 13 0
4408 B 12 0
4412 B 11 0
4414 B 10 0
4416 B 13 0
4418 B 12 0
4420 B 14 0
4422 A 13 0
4426 B 13 0
4432 - 13 0
4436 - 12 0
4442 - 11 0
4446 - 12 0
4448 - 13 0
4450 - 14 0
4454 A 15 0
4458 A 16 0
4460 A 15 0
4464 A 16 0
4466 A 13 0
4468 B 10 0
4470 - 17 0
4472 - 23 0
4474 - 29 0
4476 - 36 0
4478 - 42 0
4480 - 47 0
4482 - 46 0
4486 - 49 0
4490 - 51 0
4492 - 49 0
4494 - 43 0
4496 - 41 0
4498 - 43 0
4500 - 48 0
4502 - 49 0
4504 - 51 0
4506 - 54 0
4512 - 53 0
4514 - 54 0
4516 - 56 0
4518 - 58 0
4522 - 59 0
4524 A 56 0
4526 A 53 0
4528 - 55 0
4530 - 57 0
4532 - 59 0
4534 - 62 0
4536 - 63 0
4538 A 63 0
4540 A 60 0
4542 A 55 0
4546 A 58 0
4548 A 60 0
4550 A 59 0
4552 A 60 0
4556 A 56 0
4558 A 48 0
4560 A 51 0
4562 A 55 0
4564 A 53 0
4566 A 54 0
4568 A 56 0
4570 A 53 0
4572 A 48 0
4574 A 45 0
4576 A 47 0
4578 A 49 0
4580 A 50 0
4582 A 51 0
4584 A 46 0
4586 A 41 0
4588 A 39 0
4592 A 40 0
4594 A 42 0
4596 A 40 0
4600 A 37 0
4602 A 38 0
4604 A 40 0
4606 A 38 0
4608 A 40 0
4610 A 41 0
4612 A 39 0
4614 A 35 0
4616 A 34 0
4618 A 36 0
4620 A 34 0
4622 A 36 0
4624 A 34 0
4628 A 31 0
4630 A 30 0
4632 A 29 0
4634 A 30 0
4638 A 31 0
4640 A 30 0
4642 A 26 0
4644 A 29 0
4648 A 30 0
4650 A 29 0
4652 A 31 0
4654 A 28 0
4658 A 26 0
4662 A 24 0
4666 A 22 0
4670 A 21 0
4672 A 22 0
4674 A 20 0
4678 B 18 0
4680 A 17 0
4682 A 14 0
4684 A 15 0
4686 A 14 0
4694 A 13 0
4696 A 11 0
4698 A 10 0
4700 A 8 0
4704 A 6 0
4708 A 4 0
4712 A 3 0
4716 A 2 0
4720 A 1 0
4722 A
4730 A -1 0
4732 A -2 0
4740 B -2 0
4742 B -1 0
4746 B -2 0
4748 B -1 0
4752 B
4754 B -1 0
4756 B
4758 B -1 0
4760 B 1 0
4762 - 2 0
4764 - 4 0
4766 - 5 0
4768 - 6 0
4770 - 9 0
4772 - 10 0
4774 - 11 0
4776 - 12 0
4778 - 13 0
4780 - 14 0
4782 - 15 0
4786 - 16 0
4788 - 15 0
4790 - 16 0
4792 - 14 0
4794 - 15 0
4796 B 15 0
4798 B 16 0
4802 B 17 0
4804 B 14 0
4808 B 11 0
4812 B 18 0
4814 B 12 0
4816 B 13 0
4818 - 13 0
4820 - 3 0
4822 -
4826 - -3 0
4830 - -5 0
4832 - -15 0
4834 - -21 0
4836 - -25 0
4838 B -27 0
4840 B -28 0
4842 B -30 0
4844 - -32 0
4846 - -34 0
4848 - -35 0
4850 - -37 0
4852 - -38 0
4854 - -40 0
4856 - -41 0
4860 - -42 0
4862 - -44 0
4864 - -57 0
4866 - -59 0
4868 - -60 0
4870 - -70 0
4872 A -71 0
4874 - -72 0
4878 A -77 0
4880 - -77 0
4882 A -77 0
4884 - -78 0
4886 - -77 0
4888 A -75 0
4890 - -73 0
4892 A -70 0
4894 A -68 0
4896 - -65 0
4898 A -42 0
4900 A -20 0
4902 A -22 0
4904 A -24 0
4906 A -25 0
4908 A -27 0
4910 A -28 0
4912 A -25 0
4914 A -26 0
4916 A -27 0
4918 A -28 0
4922 A -29 0
4926 A -30 0
4928 A -29 0
4934 - -27 0
4936 - -26 0
4940 - -25 0
4942 - -22 0
4944 A -22 0
4946 A -21 0
4948 A -20 0
4950 A -21 0
4952 A -20 0
4954 A -19 0
4956 A -18 0
4960 A -17 0
4962 A -16 0
4964 - -14 0
4966 A -13 0
4968 A -12 0
4970 A -10 0
4972 A -12 0
4974 A -13 0
4976 A -11 0
4978 A -12 0
4980 A -15 0
4982 A -19 0
4984 - -22 0
4986 A -24 0
4988 - -26 0
4990 - -29 0
4992 A -31 0
4994 - -33 0
4996 A -33 0
4998 B -36 0
5000 B -41 0
5002 - -47 0
5004 - -52 0
5006 - -55 0
5008 - -49 0
5010 - -51 0
5012 - -54 0
5014 - -53 0
5016 - -54 0
5018 - -51 0
5020 - -49 0
5024 - -50 0
5026 - -53 0
5028 - -54 0
5030 A -54 0
5032 A -53 0
5034 A -51 0
5036 A -53 0
5038 A -55 0
5040 A -53 0
5042 A -55 0
5044 A -52 0
5046 A -46 0
5048 A -44 0
5050 A -46 0
5052 A -47 0
5054 A -48 0
5056 A -47 0
5060 A -49 0
5062 A -50 0
5064 A -52 0
5066 A -49 0
5068 A -45 0
5070 A -47 0
5074 A -48 0
5076 A -49 0
5078 A -46 0
5080 A -48 0
5082 A -51 0
5084 A -52 0
5086 A -50 0
5088 - -51 0
5090 A -54 0
5092 A -57 0
5094 A -55 0
5096 A -51 0
5098 - -49 0
5100 - -51 0
5102 - -53 0
5104 A -53 0
5106 A -51 0
5108 - -45 0
5110 - -49 0
5112 - -52 0
5114 A -51 0
5116 A -45 0
5118 A -39 0
5120 A -37 0
5122 A -36 0
5124 A -35 0
5130 A -32 0
5132 A -33 0
5134 A -34 0
5136 A -37 0
5138 - -37 0
5140 A -34 0
5142 - -28 0
5144 - -29 0
5146 - -30 0
5148 - -28 0
5150 - -29 0
5152 - -27 0
5154 - -28 0
5156 A -27 0
5160 A -25 0
5164 A -23 0
5166 A -22 0
5168 A -19 0
5170 A -18 0
5172 A -14 0
5174 A -12 0
5176 A -8 0
5178 A -7 0
5180 A -3 0
5182 A -2 0
5184 A -1 0
5186 A
5190 A 1 0
5192 A 2 0
5194 A 3 0
5196 A 4 0
5198 A 5 0
5200 A 6 0
5204 A 8 0
5208 A 10 0
5212 A 11 0
5216 A 12 0
5218 A 11 0
5220 A 10 0
5222 A 8 0
5224 A 7 0
5226 A 5 0
5228 A 4 0
5230 B 2 0
5232 A 1 0
5234 A
5236 B -1 0
5240 B -3 0
5244 - -4 0
5248 - -6 0
5252 - -7 0
5256 - -9 0
5260 - -10 0
5264 - -11 0
5266 - -10 0
5268 - -11 0
5270 - -10 0
5272 - -11 0
5274 - -9 0
5276 - -10 0
5278 - -8 0
5280 - -9 0
5282 - -10 0
5286 - -11 0
5288 B -9 0
5292 B -6 0
5294 A -7 0
5296 B -8 0
5298 B
5300 B -1 0
5302 B 5 0
5308 B 12 0
5312 - 3 0
5314 - 12 0
5316 - 11 0
5320 - 18 0
5324 - 17 0
5326 - 24 0
5330 - 23 0
5332 - 29 0
5334 - 28 0
5336 - 32 0
5340 - 31 0
5342 - 35 0
5344 - 34 0
5346 - 32 0
5348 - 30 0
5350 A 36 0
5352 A 34 0
5354 A 31 0
5356 A 35 0
5358 A 32 0
5360 A 30 0
5362 A 32 0
5364 A 29 0
5366 A 26 0
5370 A 23 0
5372 A 20 0
5374 A 18 0
5376 A 15 0
5378 A 12 0
5380 A 8 0
5382 A 5 0
5384 A 2 0
5386 A -1 0
5388 A -3 0
5390 A -5 0
5392 A -10 0
5394 A -12 0
5396 A -13 0
5400 A -14 0
5402 A -15 0
5410 A -16 0
5414 A -17 0
5416 A -16 0
5418 A -15 0
5420 A -16 0
5422 A -15 0
5424 A -13 0
5426 A -15 0
5428 A -13 0
5430 A -11 0
5432 A -13 0
5434 A -11 0
5436 A -9 0
5438 A -6 0
5440 A -9 0
5442 A -7 0
5444 A -9 0
5446 A -7 0
5448 A -5 0
5450 A -3 0
5452 A
5454 A 1 0
5456 A 3 0
5458 A 5 0
5460 A 6 0
5462 A 8 0
5464 A 10 0
5466 A 11 0
5468 A 12 0
5470 A 15 0
5472 A 14 0
5474 A 16 0
5476 A 14 0
5478 A 16 0
5480 A 17 0
5482 A 15 0
5486 A 16 0
5488 A 13 0
5490 A 14 0
5492 A 10 0
5494 A 11 0
5498 A 7 0
5502 - 8 0
5504 A 8 0
5506 A 9 0
5508 - 9 0
5510 A 10 0
5512 - 9 0
5514 A 10 0
5516 - 9 0
5518 A 10 0
5520 A 11 0
5522 - 9 0
5524 A 10 0
5526 - 8 0
5528 A 8 0
5530 A 9 0
5532 - 7 0
5534 A 8 0
5536 A 9 0
5538 - 5 0
5540 A 6 0
5542 A 3 0
5544 - 4 0
5546 A 6 0
5548 A 7 0
5550 A 9 0
5552 - 10 0
5554 A 11 0
5556 A 12 0
5558 - 13 0
5560 A 13 0
5562 A 14 0
5564 A 13 0
5566 - 14 0
5568 A 12 0
5570 A 13 0
5574 - 11 0
5576 A 11 0
5578 A 12 0
5580 A 8 0
5582 - 9 0
5584 A 10 0
5586 A 6 0
5590 A 8 0
5592 A 10 0
5594 A 11 0
5596 A 12 0
5598 A 13 0
5600 - 13 0
5602 A 14 0
5604 A 13 0
5606 A 14 0
5608 A 15 0
5610 A 13 0
5612 A 14 0
5614 A 11 0
5618 A 12 0
5620 A 8 0
5622 A 9 0
5624 A 10 0
5626 A 11 0
5628 A 6 0
5630 A 7 0
5632 A 1 0
5634 A 2 0
5636 A 3 0
5638 A -2 0
5640 A -1 0
5642 A
5648 A 1 0
5650 A 2 0
5652 A 1 0
5654 A 3 0
5656 A 1 0
5658 A 3 0
5660 A 4 0
5662 A 2 0
5664 A 4 0
5666 A 1 0
5668 A 3 0
5670 A 4 0
5672 A 2 0
5674 A 3 0
5676 A 5 0
5678 A 7 0
5680 A 3 0
5682 A 5 0
5684 A 1 0
5686 A 2 0
5688 A -1 0
5690 A
5692 A -4 0
5694 A -3 0
5696 A -1 0
5698 A -6 0
5700 A -5 0
5702 A -4 0
5704 A -2 0
5708 A -1 0
5710 A
5718 A 1 0
5722 A 2 0
5724 A 1 0
5726 A 2 0
5728 A 1 0
5730 A 2 0
5736 A 3 0
5738 A 2 0
5740 A 3 0
5742 A 2 0
5744 A 3 0
5746 A 4 0
5750 A 5 0
5752 A 6 0
5756 A 7 0
5760 A 8 0
5764 A 9 0
5766 A 8 0
5768 A 9 0
5770 A 8 0
5772 A 9 0
5774 A 8 0
5776 A 9 0
5778 B 7 0
5780 B 8 0
5782 B 7 0
5786 - 6 0
5788 - 4 0
5790 - 5 0
5792 - 3 0
5794 -
