# Arcade, one player: Mirror Coastline in Night weather, car 1 (Manual transmission), driven on the computer driver's racing line.
#
# Written by tools/tgrally/n64drive.py (plan 'arc_mcoast_night_car1'); the driver saw:
#   TOP GEAR RALLY: row 2
#   TRACK SELECT: row 2
#   P1 car 1
#   cheats: cars car9 car10 car11 car12 car15 tracks mirrors
#   TOP GEAR RALLY: row 1
#   1P/2P SELECT: row 0
#   TRACK SELECT: row 7
#   WEATHER SELECT: row 4
#   P1 car 1 handling=Type 2 transmission=Manual tires=Slippy suspension=Harder
#   race 2400 frames; P1 drove 0.24 laps
frames 5947
0 -
80 A
88 -
294 START
302 -
502 - 80 0
510 -
534 - 80 0
542 -
626 - 80 0
634 -
670 A
678 -
728 A
736 -
834 START
858 -
872 A
896 -
910 A
934 -
948 A
972 -
986 A
1010 -
1024 A
1058 -
1106 A
1114 -
1122 DL
1130 -
1138 DL
1146 -
1154 CD
1162 -
1170 A
1178 -
1186 DR
1194 -
1202 Z
1210 -
1226 DU
1234 -
1242 DU
1250 -
1258 Z
1266 -
1274 B
1282 -
1290 A
1298 -
1306 DL
1314 -
1322 DL
1330 -
1346 DD
1354 -
1362 A
1370 -
1378 DR
1386 -
1394 Z
1402 -
1410 DR
1418 -
1426 DU
1434 -
1442 CD
1450 -
1466 CD
1474 -
1482 DU
1490 -
1498 B
1506 -
1514 DR
1522 -
1530 A
1538 -
1546 CD
1554 -
1562 A
1570 -
1578 DR
1586 -
1602 B
1610 -
1618 B
1626 -
1634 A
1642 -
1650 DL
1658 -
1666 DL
1674 -
1682 CD
1690 -
1698 A
1706 -
1714 DR
1722 -
1738 DR
1746 -
1754 DU
1762 -
1770 DL
1778 -
1786 CD
1794 -
1802 CD
1810 -
1818 A
1826 -
1834 DR
1842 -
1850 Z
1858 -
1874 A
1882 -
1890 DL
1898 -
1906 DL
1914 -
1922 DR
1930 -
1938 DD
1946 -
1954 Z
1962 -
1978 DR
1986 -
1994 DU
2002 -
2010 DL
2018 -
2026 CD
2034 -
2042 DR
2050 -
2058 DD
2066 -
2074 Z
2082 -
2090 START
2098 -
2158 DU
2166 -
2206 START
2214 -
2250 - -80 0
2258 -
2294 A
2302 -
2352 A
2360 -
2398 - 80 0
2406 -
2430 - 80 0
2438 -
2522 - 80 0
2530 -
2554 - 80 0
2562 -
2646 - 80 0
2654 -
2678 - 80 0
2686 -
2770 - 80 0
2778 -
2802 - 80 0
2810 -
2894 - 80 0
2902 -
2938 A
2946 -
2984 - -80 0
2992 -
3028 A
3036 -
3134 A
3158 -
3172 - 80 0
3196 -
3214 A
3238 -
3252 - 80 0
3276 -
3294 A
3318 -
3332 - 80 0
3356 -
3374 A
3398 -
3412 - 80 0
3436 -
3454 A
3478 -
3492 A
3526 -
3546 A 17 0
3816 A 18 0
3834 A 19 0
3838 A 13 0
3848 A 14 0
3860 A 15 0
3868 A 16 0
3870 A 10 0
3874 A 11 0
3884 A 8 0
3894 A 6 0
3908 A 7 0
3912 A 6 0
3918 A 7 0
3936 A 8 0
3942 A 7 0
3944 A+R 7 0
3946 A+R 8 0
3954 A+R 9 0
3956 A 7 0
3958 A 8 0
3962 A 7 0
3968 A 6 0
3970 A 7 0
3978 A 6 0
3980 A 7 0
3988 A 6 0
3990 A 7 0
3998 A 6 0
4000 A 7 0
4006 A 6 0
4012 A 7 0
4016 A 6 0
4020 A 7 0
4024 A 6 0
4030 A 7 0
4032 A 6 0
4040 A 5 0
4042 A 6 0
4046 A 5 0
4048 A 4 0
4050 A 5 0
4054 A 4 0
4056 A 5 0
4062 A+R 4 0
4064 A+R 5 0
4068 A+R 4 0
4070 A+R 5 0
4074 A 4 0
4078 A 5 0
4082 A 4 0
4084 A 5 0
4088 A 4 0
4092 A 5 0
4094 A 4 0
4098 A 5 0
4100 A 4 0
4104 A 5 0
4106 A 4 0
4110 A 5 0
4112 A 4 0
4138 A 3 0
4140 A 4 0
4144 A 3 0
4146 A 4 0
4150 A 3 0
4180 A 2 0
4182 A 3 0
4186 A 2 0
4188 A 3 0
4190 A 2 0
4194 A 3 0
4196 A 2 0
4198 A 3 0
4200 A 2 0
4204 A 3 0
4206 A 2 0
4246 A+R 2 0
4248 A+R 1 0
4250 A+R 2 0
4254 A+R 4 0
4258 A 5 0
4260 A 6 0
4264 A 8 0
4268 A 9 0
4270 A 10 0
4274 A 11 0
4276 A 12 0
4280 A 13 0
4284 A 14 0
4286 A 15 0
4290 A 16 0
4298 A 17 0
4302 A 18 0
4304 A 17 0
4306 A 18 0
4310 A 21 0
4312 - 23 0
4314 A 23 0
4316 - 25 0
4318 - 27 0
4320 - 28 0
4322 - 30 0
4324 - 32 0
4326 - 33 0
4328 - 35 0
4330 - 36 0
4332 - 38 0
4334 - 39 0
4336 - 41 0
4338 A 41 0
4340 A 43 0
4342 A 46 0
4344 A 45 0
4346 A 47 0
4348 A 46 0
4350 A 49 0
4352 A 47 0
4354 A 49 0
4356 A 52 0
4358 A 50 0
4360 A 52 0
4362 A 53 0
4364 A 55 0
4366 A 54 0
4368 A 43 0
4370 A 35 0
4372 A 34 0
4374 A 37 0
4376 A 34 0
4378 A 35 0
4380 A 33 0
4382 A 34 0
4384 A 32 0
4386 A 33 0
4388 A 34 0
4390 A 31 0
4392 A 32 0
4394 A 27 0
4398 A 28 0
4400 A 30 0
4402 A 32 0
4406 A 33 0
4410 A 34 0
4416 A 33 0
4418 A 32 0
4420 A 34 0
4422 A 33 0
4424 A 34 0
4426 A 33 0
4428 A 34 0
4430 A 33 0
4432 A 35 0
4434 A 36 0
4436 A 32 0
4438 A 31 0
4440 A 30 0
4442 A 32 0
4444 A 31 0
4446 A 32 0
4448 A 31 0
4450 A 33 0
4452 A 31 0
4454 A 33 0
4456 A 30 0
4460 A 29 0
4462 A 27 0
4464 A 29 0
4466 A 27 0
4468 A 29 0
4470 A 27 0
4472 A 28 0
4474 A 26 0
4476 A 28 0
4478 A 26 0
4480 A 27 0
4482 A 25 0
4484 A 27 0
4486 A 24 0
4488 A 26 0
4490 A 23 0
4492 A 24 0
4494 A 22 0
4496 A 23 0
4498 A 21 0
4500 A 22 0
4502 A 19 0
4504 A 20 0
4506 A 18 0
4508 A 19 0
4510 A 18 0
4512 A 19 0
4514 A 17 0
4516 A 18 0
4518 A 17 0
4520 A 18 0
4522 A 17 0
4526 A 16 0
4528 A 17 0
4530 A 16 0
4534 A 15 0
4538 A 14 0
4540 A 15 0
4542 A 14 0
4546 A 13 0
4548 A 14 0
4550 A 13 0
4554 A 12 0
4558 A 11 0
4560 A 12 0
4562 A 10 0
4564 A 11 0
4566 A 9 0
4568 A 8 0
4570 A 9 0
4572 A 7 0
4576 A 5 0
4578 A 6 0
4580 A 4 0
4584 A 3 0
4588 A 2 0
4592 A
4598 A -1 0
4600 A -2 0
4602 A -3 0
4606 A -4 0
4608 A -5 0
4610 A -6 0
4614 A+R -7 0
4616 A+R -8 0
4620 A+R -9 0
4626 A -10 0
4630 A -11 0
4640 A -12 0
4648 A -13 0
4650 A -12 0
4652 A -13 0
4670 A -14 0
4672 A -13 0
4674 A -14 0
4676 A -13 0
4678 A -14 0
4680 A -13 0
4692 B -12 0
4694 B -13 0
4696 A -12 0
4698 B -12 0
4700 B -13 0
4702 B -12 0
4704 B -13 0
4706 B -12 0
4710 B -11 0
4712 - -12 0
4714 - -11 0
4718 - -10 0
4724 A -9 0
4726 - -9 0
4732 - -8 0
4734 - -9 0
4736 - -8 0
4740 - -7 0
4742 Z -7 0
4748 B+Z -8 0
4754 B -9 0
4758 B -10 0
4762 B -11 0
4766 B -12 0
4770 B -13 0
4776 - -14 0
4778 - -16 0
4780 - -15 0
4782 - -16 0
4784 - -19 0
4786 - -20 0
4788 A -21 0
4790 A -23 0
4792 - -24 0
4794 - -25 0
4796 - -27 0
4798 - -28 0
4800 - -29 0
4802 - -30 0
4804 - -32 0
4808 - -34 0
4810 - -37 0
4812 - -39 0
4814 Z -41 0
4816 Z -44 0
4818 Z -46 0
4820 Z -48 0
4822 Z -50 0
4824 Z -52 0
4826 - -55 0
4830 - -57 0
4832 - -60 0
4836 - -62 0
4838 - -65 0
4840 - -62 0
4842 - -54 0
4844 A -46 0
4846 - -44 0
4848 - -45 0
4850 - -47 0
4852 - -50 0
4854 - -49 0
4856 - -51 0
4858 - -50 0
4860 - -45 0
4862 - -43 0
4866 - -48 0
4868 - -50 0
4870 - -51 0
4872 A -54 0
4876 - -53 0
4878 A -51 0
4880 - -53 0
4882 - -54 0
4884 - -56 0
4886 - -58 0
4888 - -59 0
4890 A -59 0
4892 A -57 0
4894 A -55 0
4896 A -56 0
4898 A -59 0
4900 A -61 0
4902 - -65 0
4904 - -67 0
4906 A -65 0
4908 A -62 0
4910 A -58 0
4912 A -55 0
4914 A -58 0
4916 A -60 0
4918 A -65 0
4920 A -66 0
4922 A -64 0
4924 A -55 0
4926 A -48 0
4928 A -51 0
4930 A -53 0
4932 A -56 0
4934 A -54 0
4936 A -57 0
4938 A -56 0
4940 A -53 0
4942 A -50 0
4944 A -45 0
4946 A -49 0
4948 A -51 0
4950 A -53 0
4952 A -54 0
4954 A -48 0
4956 A -44 0
4960 A -42 0
4962 A -44 0
4964 A -46 0
4966 A -45 0
4968 A -48 0
4970 A -47 0
4972 A -41 0
4974 A -39 0
4976 A -41 0
4978 A -43 0
4980 A -41 0
4982 A -42 0
4986 A -40 0
4988 A -38 0
4990 A -35 0
4992 A -37 0
4996 A -39 0
4998 A -41 0
5000 A -39 0
5002 A -38 0
5004 A -34 0
5006 A -35 0
5008 A -37 0
5010 A -36 0
5012 A -37 0
5014 A -35 0
5016 A -37 0
5018 A -36 0
5020 A -32 0
5022 A -30 0
5024 A -32 0
5026 A -31 0
5028 A -32 0
5030 A -31 0
5032 A -32 0
5034 A -33 0
5036 A -31 0
5038 A -33 0
5040 A -31 0
5042 A -32 0
5044 A -33 0
5046 A -31 0
5048 A -32 0
5050 A -30 0
5052 A -31 0
5054 A -33 0
5056 A -31 0
5058 A -32 0
5060 A -31 0
5062 A -32 0
5064 A -34 0
5066 A -32 0
5068 A -33 0
5070 A -31 0
5072 A -32 0
5076 A -30 0
5078 A+R -31 0
5080 A+R -29 0
5082 A+R -30 0
5084 A+R -32 0
5086 A+R -31 0
5088 A+R -32 0
5090 A -31 0
5092 A -32 0
5094 A -34 0
5096 A -33 0
5098 A -35 0
5100 A -33 0
5102 A -34 0
5104 A -31 0
5106 A -32 0
5108 A -34 0
5110 A -32 0
5112 A -34 0
5114 A -32 0
5116 A -33 0
5118 A -35 0
5120 A -33 0
5122 A -34 0
5124 A -33 0
5126 A -35 0
5128 A -34 0
5130 A -36 0
5132 A -34 0
5134 A -35 0
5136 A -32 0
5138 A -33 0
5140 A -32 0
5142 A -31 0
5146 A -32 0
5148 A -33 0
5150 A -31 0
5156 A -33 0
5160 A -34 0
5162 A -32 0
5166 A -30 0
5168 A -32 0
5170 A -35 0
5172 A -36 0
5174 A -38 0
5176 A -40 0
5182 A -42 0
5184 - -43 0
5186 - -45 0
5188 - -46 0
5190 - -48 0
5192 - -44 0
5194 - -39 0
5196 - -42 0
5200 - -43 0
5202 - -42 0
5204 A -44 0
5206 A -35 0
5208 B -21 0
5210 B -26 0
5212 B -29 0
5214 B -27 0
5216 B -28 0
5218 B -19 0
5220 B -14 0
5222 B -15 0
5224 B -12 0
5226 B -13 0
5228 - -8 0
5230 - -3 0
5232 B 5 0
5234 B 4 0
5236 - 3 0
5240 - 5 0
5242 Z 15 0
5244 Z 21 0
5246 Z 24 0
5248 B+Z 28 0
5250 B+Z 29 0
5252 B+Z 31 0
5254 B 34 0
5256 - 36 0
5258 - 38 0
5260 B 40 0
5262 B 41 0
5264 A 43 0
5266 A 44 0
5268 - 44 0
5270 A 46 0
5272 - 47 0
5274 A 62 0
5276 - 64 0
5278 - 66 0
5280 A 77 0
5282 - 80 0
5284 A 80 0
5286 - 80 0
5288 B 80 0
5308 A 80 0
5310 A+Z 80 0
5312 A+Z 62 0
5314 A+Z 46 0
5316 A+Z 31 0
5318 A+Z 26 0
5320 A+Z 27 0
5322 A 28 0
5326 A 29 0
5328 A 30 0
5332 A 26 0
5336 A 27 0
5340 A 28 0
5342 A 29 0
5348 A 30 0
5350 A 31 0
5352 A 30 0
5354 A 31 0
5356 A 32 0
5360 A 33 0
5366 A 34 0
5368 A 35 0
5370 A 36 0
5372 A 34 0
5374 A 35 0
5376 A 36 0
5378 A 37 0
5380 A 35 0
5382 A 36 0
5384 A 37 0
5386 A 38 0
5388 A 39 0
5390 A 43 0
5392 A 44 0
5394 A 46 0
5396 A 47 0
5398 A 49 0
5400 A 51 0
5402 A 52 0
5404 A 54 0
5408 A 55 0
5410 A 57 0
5412 A 58 0
5416 A 60 0
5418 A 61 0
5420 A 63 0
5422 A 67 0
5424 A 69 0
5426 A 67 0
5428 A 63 0
5430 A 58 0
5432 A 56 0
5434 A+R 57 0
5436 A+R 59 0
5438 A+R 58 0
5440 A+R 55 0
5442 A+R 53 0
5444 A+R 55 0
5446 A 55 0
5448 A 57 0
5450 A 56 0
5452 A 55 0
5454 A 50 0
5458 A 51 0
5460 - 49 0
5462 - 51 0
5468 A 50 0
5470 - 50 0
5472 - 52 0
5474 - 54 0
5476 A 56 0
5478 A 55 0
5480 A 54 0
5482 A 51 0
5484 A 53 0
5486 A 55 0
5490 A 57 0
5492 A 56 0
5494 A 50 0
5496 A 48 0
5498 A 50 0
5500 A 53 0
5502 A 51 0
5504 A 50 0
5508 A 49 0
5512 A 51 0
5514 A 54 0
5516 A 53 0
5520 A 49 0
5524 A 51 0
5526 A 50 0
5528 A 53 0
5532 A 50 0
5534 A 51 0
5536 A 53 0
5538 A 51 0
5540 A 53 0
5542 A 52 0
5544 A 50 0
5546 A 51 0
5548 A 54 0
5550 A 57 0
5552 A 58 0
5554 A 56 0
5556 A 55 0
5558 A 54 0
5560 A 55 0
5562 A 57 0
5564 A 59 0
5566 A 57 0
5568 A 55 0
5570 A 47 0
5572 A 49 0
5574 A 51 0
5576 A 50 0
5578 A 54 0
5580 A 52 0
5582 A 44 0
5584 A 40 0
5586 A 42 0
5588 A 44 0
5592 A 46 0
5594 A 39 0
5596 A 36 0
5598 A 38 0
5600 A 37 0
5602 A 38 0
5604 A 40 0
5606 A 38 0
5608 A 39 0
5610 A 38 0
5612 A 33 0
5614 A 34 0
5616 A 32 0
5618 A 34 0
5620 A 35 0
5622 A 33 0
5624 A 34 0
5626 A 36 0
5628 A 33 0
5630 A 34 0
5632 A 36 0
5634 A 35 0
5636 A 36 0
5638 A 35 0
5640 A 37 0
5642 A 35 0
5644 A 37 0
5646 A 39 0
5648 A 37 0
5650 A 39 0
5652 A 37 0
5654 A+R 38 0
5656 A+R 36 0
5658 A+R 38 0
5660 A+R 40 0
5662 A+R 38 0
5664 A+R 39 0
5666 A 40 0
5668 A 42 0
5670 A 44 0
5674 A 46 0
5678 A 48 0
5680 A 47 0
5682 A 50 0
5684 A 48 0
5686 A 50 0
5688 A 53 0
5690 A 50 0
5692 A 52 0
5694 A 50 0
5696 A 51 0
5698 A 50 0
5700 A 54 0
5702 A 52 0
5704 A 55 0
5706 A 53 0
5708 A 48 0
5710 A 51 0
5712 A 52 0
5714 A 55 0
5716 A 52 0
5718 A 51 0
5722 A 53 0
5724 A 49 0
5726 A 47 0
5730 A 49 0
5732 A 48 0
5734 A 50 0
5738 A 46 0
5740 A 49 0
5742 A 48 0
5744 A 50 0
5746 A 48 0
5750 A 42 0
5752 A 45 0
5754 A 43 0
5756 A 45 0
5758 B 43 0
5760 - 45 0
5762 A 40 0
5764 - 37 0
5766 - 31 0
5768 - 33 0
5770 - 29 0
5772 - 30 0
5774 - 27 0
5776 - 28 0
5778 - 21 0
5780 - 22 0
5782 - 16 0
5788 - 10 0
5792 - 4 0
5796 - -1 0
5800 - -6 0
5804 - -7 0
5810 B -12 0
5812 B -13 0
5814 B -17 0
5816 B -18 0
5818 B -26 0
5820 B -27 0
5822 B -28 0
5824 B -35 0
5826 B -36 0
5828 A -37 0
5830 B -44 0
5832 B -45 0
5834 B -47 0
5836 - -49 0
5838 - -51 0
5840 - -53 0
5842 - -58 0
5844 - -60 0
5846 - -63 0
5848 - -66 0
5850 - -68 0
5852 - -71 0
5854 Z -71 0
5856 Z -72 0
5858 Z -73 0
5860 Z -75 0
5862 Z -71 0
5866 A -71 0
5868 A -64 0
5870 A -62 0
5872 A -60 0
5874 A -50 0
5876 A -47 0
5878 A -45 0
5880 A -43 0
5882 A -38 0
5884 A -36 0
5886 A -35 0
5888 A -30 0
5890 A -28 0
5892 A -27 0
5894 A -21 0
5896 A -20 0
5898 A -19 0
5900 A -13 0
5902 A -12 0
5906 A -5 0
5908 A -4 0
5912 A 2 0
5918 A 3 0
5920 A 2 0
5922 A 10 0
5930 A 18 0
5936 A 25 0
5938 A 26 0
5946 -
