# Arcade, one player: Coastline in Rain weather, car 4 (Manual transmission), driven on the computer driver's racing line.
#
# Written by tools/tgrally/n64drive.py (plan 'arc_coast_rain_car4'); the driver saw:
#   TOP GEAR RALLY: row 2
#   TRACK SELECT: row 2
#   P1 car 1
#   cheats: cars car9 car10 car11 car12 car15 tracks mirrors
#   TOP GEAR RALLY: row 1
#   1P/2P SELECT: row 0
#   TRACK SELECT: row 2
#   WEATHER SELECT: row 2
#   P1 car 4 handling=Type 2 transmission=Manual tires=Slippy suspension=Harder
#   race 2400 frames; P1 drove 0.27 laps
frames 5669
0 -
80 A
88 -
294 START
302 -
502 - 80 0
510 -
534 - 80 0
542 -
626 - 80 0
634 -
670 A
678 -
728 A
736 -
834 START
858 -
872 A
896 -
910 A
934 -
948 A
972 -
986 A
1010 -
1024 A
1058 -
1106 A
1114 -
1122 DL
1130 -
1138 DL
1146 -
1154 CD
1162 -
1170 A
1178 -
1186 DR
1194 -
1202 Z
1210 -
1226 DU
1234 -
1242 DU
1250 -
1258 Z
1266 -
1274 B
1282 -
1290 A
1298 -
1306 DL
1314 -
1322 DL
1330 -
1346 DD
1354 -
1362 A
1370 -
1378 DR
1386 -
1394 Z
1402 -
1410 DR
1418 -
1426 DU
1434 -
1442 CD
1450 -
1466 CD
1474 -
1482 DU
1490 -
1498 B
1506 -
1514 DR
1522 -
1530 A
1538 -
1546 CD
1554 -
1562 A
1570 -
1578 DR
1586 -
1602 B
1610 -
1618 B
1626 -
1634 A
1642 -
1650 DL
1658 -
1666 DL
1674 -
1682 CD
1690 -
1698 A
1706 -
1714 DR
1722 -
1738 DR
1746 -
1754 DU
1762 -
1770 DL
1778 -
1786 CD
1794 -
1802 CD
1810 -
1818 A
1826 -
1834 DR
1842 -
1850 Z
1858 -
1874 A
1882 -
1890 DL
1898 -
1906 DL
1914 -
1922 DR
1930 -
1938 DD
1946 -
1954 Z
1962 -
1978 DR
1986 -
1994 DU
2002 -
2010 DL
2018 -
2026 CD
2034 -
2042 DR
2050 -
2058 DD
2066 -
2074 Z
2082 -
2090 START
2098 -
2158 DU
2166 -
2206 START
2214 -
2250 - -80 0
2258 -
2294 A
2302 -
2352 A
2360 -
2410 A
2418 -
2456 - 80 0
2464 -
2488 - 80 0
2496 -
2580 - 80 0
2588 -
2624 A
2632 -
2730 - 80 0
2754 -
2772 - 80 0
2796 -
2814 - 80 0
2838 -
2856 A
2880 -
2894 - 80 0
2918 -
2936 A
2960 -
2974 - 80 0
2998 -
3016 A
3040 -
3054 - 80 0
3078 -
3096 A
3120 -
3134 - 80 0
3158 -
3176 A
3200 -
3214 A
3248 -
3268 A -17 0
3536 A -18 0
3552 A -19 0
3556 A -13 0
3566 A -14 0
3574 A -15 0
3580 A -10 0
3582 A -7 0
3588 A -8 0
3600 A -6 0
3610 A -7 0
3620 A+R -7 0
3626 A+R -8 0
3628 A+R -7 0
3632 A -7 0
3640 A -6 0
3642 A -7 0
3660 A -6 0
3662 A -7 0
3668 A -6 0
3672 A -7 0
3676 A -6 0
3684 A -5 0
3694 A+R -5 0
3698 A+R -4 0
3700 A+R -5 0
3706 A -5 0
3740 A -6 0
3742 A -4 0
3750 A -5 0
3752 A -4 0
3756 A -5 0
3758 A -4 0
3760 A -5 0
3762 A -4 0
3770 A -5 0
3772 A -4 0
3774 A -5 0
3776 A -4 0
3780 A -5 0
3782 A+R -4 0
3784 A+R -5 0
3786 A+R -4 0
3788 A+R -5 0
3790 A+R -4 0
3794 A -4 0
3798 A -5 0
3800 A -4 0
3802 A -5 0
3804 A -4 0
3806 A -5 0
3808 A -4 0
3860 A -3 0
3868 A -4 0
3870 A -3 0
3872 A -4 0
3874 A -3 0
3876 A -4 0
3878 A -3 0
3880 A -4 0
3882 A -3 0
3884 A -4 0
3886 A -5 0
3888 A -6 0
3890 A+R -7 0
3892 A+R -8 0
3894 A+R -9 0
3896 A+R -10 0
3900 A+R -11 0
3902 A -11 0
3904 A -12 0
3908 A -13 0
3918 B -13 0
3924 A -13 0
3926 B -13 0
3928 B -15 0
3930 B -14 0
3932 B -17 0
3936 A -20 0
3938 A -21 0
3940 A -22 0
3942 A -24 0
3944 A -25 0
3946 A -26 0
3948 A -27 0
3950 A -29 0
3956 A -31 0
3958 A -30 0
3960 A -32 0
3962 A -31 0
3964 A -32 0
3966 A -29 0
3968 A -30 0
3970 A -31 0
3972 A -32 0
3974 A -33 0
3976 A -34 0
3980 A -40 0
3982 A -34 0
3984 A -23 0
3986 A -25 0
3990 A -27 0
3994 A -29 0
4000 A -30 0
4002 A -31 0
4006 A -28 0
4008 A -30 0
4010 A -31 0
4012 A -33 0
4016 A -35 0
4018 A -32 0
4020 A -29 0
4022 A -31 0
4026 A -32 0
4030 A -34 0
4032 A -33 0
4034 A -31 0
4036 A -27 0
4040 A -30 0
4042 A -29 0
4046 A -30 0
4048 A -29 0
4050 A -26 0
4052 A -27 0
4056 A -26 0
4058 A -27 0
4060 A -25 0
4062 A -24 0
4064 A -25 0
4066 A -22 0
4068 A -23 0
4070 A -22 0
4072 A -21 0
4074 A -22 0
4076 A -21 0
4078 A -19 0
4080 A -18 0
4084 A -16 0
4088 A -17 0
4094 A -18 0
4096 A -17 0
4104 A -16 0
4106 A -17 0
4108 A -16 0
4110 A -17 0
4112 A -16 0
4114 A -15 0
4116 A -16 0
4118 A -15 0
4120 A -14 0
4122 A -15 0
4124 A -13 0
4126 A -12 0
4128 A -13 0
4130 A -12 0
4132 A -10 0
4134 A -11 0
4136 A -9 0
4138 A -7 0
4140 A -8 0
4142 A -6 0
4144 A -4 0
4148 A -2 0
4150 A -1 0
4154 A
4156 A 2 0
4158 A 4 0
4162 A 6 0
4164 A 8 0
4168 A 10 0
4170 A 12 0
4172 A 13 0
4174 A 14 0
4176 A 15 0
4178 A 17 0
4180 A 18 0
4182 A 19 0
4184 A 20 0
4186 A 21 0
4188 A 22 0
4190 A 24 0
4192 A 25 0
4194 A 26 0
4196 A 27 0
4198 B 28 0
4200 A 29 0
4202 A 28 0
4206 A 29 0
4208 A 24 0
4210 A 10 0
4212 A 12 0
4214 A 13 0
4220 B 13 0
4222 B 12 0
4226 B 11 0
4230 B 10 0
4232 B 11 0
4236 B 10 0
4238 A 10 0
4240 A 9 0
4244 B 8 0
4246 B 7 0
4250 B 6 0
4254 B 5 0
4256 B 4 0
4260 B 3 0
4262 B 4 0
4264 B 3 0
4270 B 2 0
4272 - 2 0
4274 - 1 0
4278 -
4282 B
4284 -
4286 - -1 0
4290 B
4294 B+Z
4296 Z
4306 B
4314 A
4316 B 3 0
4322 B 5 0
4324 B 6 0
4326 B 8 0
4332 - 9 0
4336 - 10 0
4338 - 12 0
4342 - 14 0
4346 - 15 0
4348 - 20 0
4350 - 21 0
4352 - 22 0
4354 Z 26 0
4356 Z 27 0
4358 Z 29 0
4360 Z 32 0
4362 Z 33 0
4364 Z 35 0
4366 - 37 0
4368 - 39 0
4370 - 40 0
4372 - 42 0
4374 - 44 0
4376 - 49 0
4378 - 51 0
4380 - 54 0
4382 - 57 0
4384 - 60 0
4386 - 63 0
4388 - 66 0
4390 - 67 0
4392 - 70 0
4394 - 73 0
4396 A 68 0
4398 A 59 0
4400 A 51 0
4402 - 46 0
4404 A 49 0
4406 - 53 0
4408 A 56 0
4410 A 57 0
4412 A 55 0
4414 A 54 0
4416 - 53 0
4418 - 55 0
4420 - 57 0
4422 - 59 0
4424 - 60 0
4426 A 59 0
4428 A 56 0
4430 A 54 0
4432 A 56 0
4434 A 58 0
4436 - 61 0
4438 - 65 0
4440 - 67 0
4442 A 66 0
4444 A 62 0
4446 A 58 0
4448 A 57 0
4450 A 60 0
4452 A 63 0
4454 A 66 0
4460 A 62 0
4462 A 53 0
4464 A 49 0
4466 A 52 0
4468 A 56 0
4470 A 53 0
4472 A 54 0
4474 A 56 0
4476 A 53 0
4478 A 49 0
4480 A 45 0
4482 A 49 0
4484 A 51 0
4486 A 53 0
4488 A 54 0
4490 A 49 0
4492 A 42 0
4494 A 41 0
4496 A 42 0
4498 A 44 0
4500 A 45 0
4502 A 44 0
4506 A 43 0
4508 A 37 0
4510 A 40 0
4512 A 42 0
4514 A 41 0
4516 A 43 0
4518 A 42 0
4520 A 40 0
4522 A 37 0
4524 A 36 0
4526 A+R 39 0
4530 A+R 40 0
4532 A+R 39 0
4534 A+R 38 0
4536 A+R 35 0
4538 A 35 0
4540 A 38 0
4542 A 37 0
4544 A 39 0
4546 A 37 0
4548 A 35 0
4550 A 30 0
4552 A 28 0
4556 A 30 0
4558 A 31 0
4560 A 30 0
4562 A 31 0
4564 A 28 0
4566 A 29 0
4568 A 28 0
4570 A 30 0
4572 A 28 0
4574 A 30 0
4578 A 29 0
4580 A 27 0
4582 A 28 0
4586 A 29 0
4590 A 30 0
4592 A 28 0
4596 B 28 0
4598 B 29 0
4600 B 30 0
4602 - 31 0
4604 - 29 0
4606 - 28 0
4610 - 30 0
4612 - 29 0
4614 - 31 0
4616 - 32 0
4618 - 31 0
4620 - 32 0
4622 - 30 0
4624 A 30 0
4626 A 29 0
4628 A 31 0
4632 A 32 0
4634 A 29 0
4636 A 30 0
4640 A 32 0
4644 A 34 0
4646 A 31 0
4650 A 30 0
4652 A 32 0
4654 A 31 0
4658 A 32 0
4660 A 30 0
4662 A 31 0
4664 A 32 0
4666 A 33 0
4670 A 35 0
4672 A+R 32 0
4674 A+R 31 0
4676 A+R 32 0
4678 A+R 35 0
4680 B+R 37 0
4682 B+R 39 0
4684 B 39 0
4688 B 41 0
4690 B 43 0
4692 B 46 0
4694 - 48 0
4698 - 43 0
4700 - 36 0
4702 - 39 0
4704 - 40 0
4706 - 43 0
4710 - 42 0
4712 Z 33 0
4714 B+Z 21 0
4716 B+Z 24 0
4718 B+Z 27 0
4720 B+Z 29 0
4722 B+Z 24 0
4724 B 14 0
4726 B 12 0
4728 B 13 0
4730 B 11 0
4732 B 12 0
4734 B 4 0
4736 B
4738 B -3 0
4740 B -6 0
4742 - -6 0
4744 - -3 0
4746 Z -13 0
4748 Z -20 0
4750 Z -24 0
4752 B+Z -27 0
4754 B+Z -28 0
4756 B+Z -30 0
4758 B -33 0
4760 B -35 0
4762 - -37 0
4764 B -39 0
4766 - -40 0
4768 - -42 0
4770 - -43 0
4772 - -44 0
4774 A -45 0
4776 - -47 0
4778 - -61 0
4780 - -63 0
4782 A -66 0
4784 - -69 0
4786 - -80 0
4790 A -80 0
4792 B -80 0
4812 A -80 0
4814 A+Z -80 0
4816 A+Z -73 0
4818 A+Z -57 0
4820 A+Z -42 0
4822 A+Z -26 0
4824 A+Z -27 0
4826 A -28 0
4830 A -29 0
4832 A -30 0
4836 A -26 0
4842 A -27 0
4852 A -28 0
4854 A -27 0
4862 A -28 0
4864 A -26 0
4868 A -24 0
4872 A -22 0
4878 A+R -23 0
4880 A+R -26 0
4884 A+R -27 0
4888 A+R -29 0
4890 A -30 0
4892 A -31 0
4894 - -32 0
4896 A -33 0
4898 - -34 0
4900 - -35 0
4904 A -36 0
4906 - -37 0
4908 - -36 0
4910 - -37 0
4912 - -38 0
4914 - -39 0
4916 - -43 0
4918 - -44 0
4920 - -46 0
4922 - -48 0
4924 - -52 0
4926 - -57 0
4928 A -59 0
4930 A -56 0
4932 A -52 0
4934 A -54 0
4936 - -57 0
4938 - -58 0
4940 A -57 0
4942 A -56 0
4944 - -50 0
4946 - -49 0
4948 - -51 0
4950 - -50 0
4952 - -53 0
4956 - -52 0
4958 - -51 0
4960 - -50 0
4962 - -52 0
4964 - -54 0
4966 - -56 0
4968 A -56 0
4970 A -55 0
4972 A -52 0
4974 A -53 0
4976 A -55 0
4980 A -57 0
4982 A -55 0
4984 A -54 0
4986 A -48 0
4988 A -50 0
4990 A -49 0
4992 A -52 0
4994 A -51 0
4996 A -50 0
4998 A -48 0
5000 A -50 0
5002 A -51 0
5004 A -53 0
5006 A -54 0
5008 A -50 0
5010 A -46 0
5012 A -48 0
5016 A -50 0
5020 A -47 0
5022 A -49 0
5024 A -53 0
5026 A -55 0
5028 A -51 0
5030 A -48 0
5032 A -50 0
5034 A -53 0
5036 A+R -55 0
5040 A+R -53 0
5042 A+R -52 0
5044 A+R -54 0
5048 A -54 0
5050 A -50 0
5052 A -47 0
5054 - -50 0
5056 A -49 0
5058 A -51 0
5060 A -46 0
5062 A -41 0
5064 A -40 0
5066 A -41 0
5068 A -42 0
5070 A -44 0
5072 A -43 0
5074 A -36 0
5078 A -35 0
5080 A -37 0
5082 - -36 0
5084 A -36 0
5086 - -30 0
5090 - -32 0
5092 - -31 0
5094 - -32 0
5096 - -31 0
5098 - -32 0
5102 - -33 0
5104 - -35 0
5106 - -34 0
5108 - -36 0
5110 - -35 0
5112 - -40 0
5114 - -39 0
5116 - -41 0
5118 - -39 0
5120 - -41 0
5122 A -40 0
5124 A -42 0
5126 - -40 0
5128 - -41 0
5130 - -44 0
5132 - -41 0
5134 - -43 0
5136 - -44 0
5138 - -46 0
5140 A -47 0
5142 - -49 0
5144 A -47 0
5146 A -49 0
5148 A -52 0
5152 A -54 0
5154 A -50 0
5156 A -51 0
5158 A -50 0
5160 A -53 0
5162 A -52 0
5166 A -51 0
5168 A -49 0
5170 A -53 0
5172 A -54 0
5174 A -52 0
5176 A -50 0
5178 A -53 0
5180 A -54 0
5182 A -53 0
5184 A -49 0
5188 A -52 0
5192 A -50 0
5194 A -47 0
5196 A -50 0
5198 A -49 0
5202 A -47 0
5204 A -45 0
5208 A -48 0
5210 A -46 0
5212 A -48 0
5214 B -44 0
5216 B -45 0
5218 A -44 0
5220 A -46 0
5222 B -44 0
5224 B -46 0
5226 - -39 0
5228 - -32 0
5230 B -29 0
5232 - -31 0
5234 - -29 0
5236 - -30 0
5238 - -27 0
5240 - -28 0
5242 - -22 0
5244 - -23 0
5246 - -17 0
5250 - -11 0
5252 - -12 0
5256 - -6 0
5260 - -1 0
5264 - 3 0
5268 B 8 0
5272 - 4 0
5274 B 9 0
5276 B 13 0
5278 B 14 0
5280 A 14 0
5282 B 22 0
5284 B 23 0
5286 B 24 0
5288 B 31 0
5290 B 33 0
5292 B 39 0
5294 B 40 0
5296 B 42 0
5298 B 47 0
5300 - 45 0
5302 - 47 0
5304 - 52 0
5306 - 55 0
5308 - 57 0
5310 - 61 0
5312 - 64 0
5314 - 67 0
5316 Z 70 0
5318 Z 71 0
5320 Z 74 0
5322 Z 76 0
5324 Z 75 0
5326 Z 77 0
5328 - 78 0
5330 - 80 0
5332 - 75 0
5334 A 75 0
5338 A 68 0
5340 A 67 0
5342 A 66 0
5344 A 62 0
5346 A 60 0
5348 A 58 0
5350 A 52 0
5352 A 49 0
5354 A 47 0
5356 A 40 0
5358 A 38 0
5360 A 37 0
5362 A 26 0
5364 A 32 0
5366 A 37 0
5368 A 36 0
5370 A 40 0
5372 A 44 0
5374 A 42 0
5376 A 46 0
5378 A 50 0
5380 A 53 0
5382 A 49 0
5384 A 53 0
5386 A 49 0
5388 A 51 0
5390 A 54 0
5394 A 57 0
5396 A 59 0
5398 A 58 0
5400 A 60 0
5402 A+R 58 0
5404 A+R 60 0
5406 A+R 61 0
5408 A+R 58 0
5412 A+R 53 0
5414 A 53 0
5416 A 48 0
5420 - 50 0
5422 - 49 0
5424 - 55 0
5426 - 60 0
5428 - 66 0
5430 - 64 0
5432 - 68 0
5434 - 65 0
5436 A 69 0
5438 - 72 0
5440 B 67 0
5442 B 69 0
5444 A 67 0
5446 A 68 0
5448 B 69 0
5450 B 65 0
5454 A 59 0
5456 A 62 0
5458 B 69 0
5460 B 70 0
5462 B 75 0
5464 B 74 0
5466 B 79 0
5468 B 80 0
5474 - 80 0
5476 - 79 0
5478 - 80 0
5480 A 80 0
5486 A 72 0
5490 A 62 0
5492 A 60 0
5494 A 58 0
5496 A 52 0
5498 A 55 0
5500 A 56 0
5502 A 60 0
5504 A 65 0
5506 B 64 0
5508 B 68 0
5510 B 66 0
5512 B 68 0
5514 A 71 0
5516 B 67 0
5518 B 68 0
5520 - 64 0
5522 A 70 0
5524 A 64 0
5526 A 57 0
5528 A 56 0
5530 A 55 0
5536 A 47 0
5542 A 39 0
5544 A 38 0
5548 A 36 0
5552 A 37 0
5554 A 34 0
5558 A 31 0
5564 A 27 0
5566 A 28 0
5568 A 23 0
5570 A 24 0
5574 A 19 0
5580 A 13 0
5586 A 14 0
5588 A 15 0
5590 A 8 0
5594 A 2 0
5598 A 3 0
5600 A -3 0
5608 A -2 0
5610 A -3 0
5620 A -4 0
5622 A -3 0
5624 A -5 0
5626 A -4 0
5630 A -6 0
5634 A -7 0
5640 A -9 0
5642 A -10 0
5644 A -12 0
5648 A -13 0
5650 A -14 0
5652 A -15 0
5656 A -11 0
5660 A -8 0
5664 A -4 0
5668 -
