# Paint shop, car 1: the cursor walked at random over the screen (seed 1), half the moves drawn with A held, A pressed at every stop and B, Z, L, R or a C button now and then; left and re-entered when a press leaves the shop.
#
# Written by tools/tgrally/n64drive.py (plan 'paint_walk'); the driver saw:
#   TOP GEAR RALLY: row 4
#   TOP GEAR RALLY: row 4
#   paint shop: 171 random moves (seed 1), left and re-entered 1 times
frames 21445
0 -
80 A
88 -
294 START
302 -
502 - -80 0
510 -
534 - -80 0
542 -
626 - -80 0
634 -
658 - -80 0
666 -
750 - -80 0
758 -
794 A
802 -
1080 A
1088 -
1394 - -80 -80
1396 - -80 -62
1398 - -80 -42
1400 - -80 -28
1402 - -70 -28
1404 - -46 -28
1406 - -32 0
1408 - -28 0
1412 -
1416 CR
1424 -
1464 - -48 72
1466 - -32 48
1468 - -28 32
1470 - -28 28
1472 - 0 28
1474 -
1478 A
1486 -
1526 A 80 -80
1544 A 80 -78
1546 A 80 -54
1548 A 80 -36
1550 A 80 -28
1556 A 80 0
1564 A 74 0
1566 A 50 0
1568 A 34 0
1570 A 28 0
1576 -
1580 A
1588 -
1628 - 28 80
1632 - 0 80
1654 - 0 76
1656 - 0 64
1658 - 0 54
1660 - 0 46
1662 - 0 40
1664 - 0 34
1666 - 0 30
1668 - 0 28
1678 -
1682 B
1690 -
1730 - -80 -80
1756 - -56 -80
1758 - -38 -74
1760 - -28 -50
1762 - -28 -34
1764 - -28 -28
1766 - 0 -28
1770 -
1774 A
1782 -
1822 A -80 80
1844 A -74 80
1846 A -50 80
1848 A -34 80
1850 A -28 78
1852 A -28 54
1854 A -28 36
1856 A 0 28
1862 -
1866 A
1874 -
1914 - 80 80
1934 - 80 76
1936 - 80 52
1938 - 80 36
1940 - 80 28
1946 - 80 0
1984 - 60 0
1986 - 40 0
1988 - 28 0
1994 -
1998 A
2006 -
2046 - -80 -80
2084 - -80 -76
2086 - -80 -64
2088 - -80 -54
2090 - -80 -46
2092 - -80 -40
2094 - -80 -34
2096 - -80 -30
2098 - -80 -28
2108 - -80 0
2120 - -62 0
2122 - -42 0
2124 - -28 0
2130 -
2134 A
2142 -
2182 - 80 -80
2184 - 80 -56
2186 - 80 -38
2188 - 80 -28
2194 - 80 0
2232 - 78 0
2234 - 66 0
2236 - 56 0
2238 - 48 0
2240 - 40 0
2242 - 34 0
2244 - 30 0
2246 - 28 0
2256 -
2260 A
2268 -
2308 A -80 -80
2330 A -80 -74
2332 A -80 -50
2334 A -80 -34
2336 A -80 -28
2342 A -80 0
2344 A -70 0
2346 A -46 0
2348 A -32 0
2350 A -28 0
2354 -
2358 A
2366 -
2406 - -80 80
2430 - -80 64
2432 - -80 44
2434 - -74 30
2436 - -50 28
2438 - -34 28
2440 - -28 0
2446 -
2450 A
2458 -
2498 - 80 80
2506 - 64 80
2508 - 44 80
2510 - 30 80
2512 - 28 72
2514 - 28 48
2516 - 0 32
2518 - 0 28
2522 -
2526 A
2534 -
2574 - 80 74
2576 - 80 50
2578 - 80 34
2580 - 80 28
2586 - 80 0
2602 - 70 0
2604 - 46 0
2606 - 32 0
2608 - 28 0
2612 -
2616 R
2624 -
2664 - 80 -80
2716 - 78 -80
2718 - 66 -80
2720 - 56 -80
2722 - 48 -80
2724 - 40 -80
2726 - 34 -80
2728 - 30 -80
2730 - 28 -80
2738 - 0 -80
2750 - 0 -78
2752 - 0 -54
2754 - 0 -36
2756 - 0 -28
2762 -
2766 A
2774 -
2814 - -80 80
2840 -
2844 A
2852 -
4610 START
4618 -
4656 - -80 0
4664 -
4688 - -80 0
4696 -
4780 - -80 0
4788 -
4812 - -80 0
4820 -
4904 - -80 0
4912 -
4948 A
4956 -
5074 A
5082 -
5268 - 80 80
5270 - 80 70
5272 - 80 46
5274 - 80 32
5276 - 80 28
5282 - 80 0
5342 - 78 0
5344 - 66 0
5346 - 56 0
5348 - 48 0
5350 - 40 0
5352 - 34 0
5354 - 30 0
5356 - 28 0
5366 -
5370 A
5378 -
5418 - -80 -80
5454 - -80 -76
5456 - -80 -52
5458 - -80 -36
5460 - -80 -28
5466 - -80 0
5470 - -64 0
5472 - -44 0
5474 - -30 0
5476 - -28 0
5480 -
5484 A
5492 -
5532 - -80 80
5538 - -74 80
5540 - -50 80
5542 - -34 80
5544 - -28 80
5550 - 0 80
5558 - 0 74
5560 - 0 50
5562 - 0 34
5564 - 0 28
5570 -
5574 A
5582 -
5622 A 80 80
5640 A 80 70
5642 A 80 46
5644 A 80 32
5646 A 80 28
5650 A 76 0
5652 A 52 0
5654 A 36 0
5656 A 28 0
5662 -
5666 A
5674 -
5714 - -80 -80
5746 - -72 -66
5748 - -48 -44
5750 - -32 -30
5752 - -28 -28
5756 -
5760 A
5768 -
5808 A -80 48
5810 A -80 32
5812 A -80 28
5816 A -80 0
5826 A -64 0
5828 A -44 0
5830 A -30 0
5832 A -28 0
5836 -
5840 A
5848 -
5888 A 80 -80
5898 A 80 -56
5900 A 80 -38
5902 A 80 -28
5908 A 80 0
5944 A 70 0
5946 A 46 0
5948 A 32 0
5950 A 28 0
5954 -
5958 A
5966 -
6006 A -80 -80
6012 A -80 -56
6014 A -80 -38
6016 A -80 -28
6022 A -80 0
6066 A -56 0
6068 A -38 0
6070 A -28 0
6076 -
6080 CL
6088 -
6128 A 80 80
6144 A 80 68
6146 A 80 46
6148 A 80 32
6150 A 80 28
6154 A 80 0
6190 A 66 0
6192 A 44 0
6194 A 30 0
6196 A 28 0
6200 -
6204 L
6212 -
6252 - 80 80
6258 - 68 80
6260 - 58 80
6262 - 50 80
6264 - 42 80
6266 - 36 80
6268 - 30 80
6270 - 28 80
6280 - 0 78
6282 - 0 66
6284 - 0 56
6286 - 0 48
6288 - 0 40
6290 - 0 34
6292 - 0 30
6294 - 0 28
6304 -
6308 A
6316 -
6356 - -80 -80
6362 - -80 -76
6364 - -80 -64
6366 - -80 -54
6368 - -80 -46
6370 - -80 -40
6372 - -80 -34
6374 - -80 -30
6376 - -80 -28
6386 - -80 0
6458 - -60 0
6460 - -40 0
6462 - -28 0
6468 -
6472 CD
6480 -
6520 - 80 -80
6548 - 80 -66
6550 - 80 -44
6552 - 80 -30
6554 - 80 -28
6558 - 80 0
6602 - 64 0
6604 - 44 0
6606 - 30 0
6608 - 28 0
6612 -
6616 A
6624 -
6664 - -80 80
6690 -
6694 A
6702 -
6742 A -80 80
6770 -
6774 R
6782 -
6822 - -80 80
6848 -
6852 A
6860 -
6900 - -80 80
6920 - -80 60
6922 - -80 50
6924 - -80 42
6926 - -80 36
6928 - -68 30
6930 - -58 28
6932 - -50 28
6934 - -42 28
6936 - -36 28
6938 - -30 28
6940 - -28 0
6950 -
6954 CD
6962 -
7002 A 80 -80
7010 A 80 -68
7012 A 80 -46
7014 A 80 -32
7016 A 80 -28
7020 A 80 0
7038 A 58 0
7040 A 40 0
7042 A 28 0
7048 -
7052 A
7060 -
7100 - 0 -80
7114 - 0 -56
7116 - 0 -38
7118 - 0 -28
7124 -
7128 Z
7136 -
7176 - -80 80
7252 - -80 58
7254 - -80 40
7256 - -80 28
7262 - -80 0
7272 - -78 0
7274 - -54 0
7276 - -36 0
7278 - -28 0
7284 -
7288 A
7296 -
7336 A 80 -80
7344 A 80 -70
7346 A 80 -46
7348 A 80 -32
7350 A 80 -28
7354 A 80 0
7366 A 70 0
7368 A 46 0
7370 A 32 0
7372 A 28 0
7376 -
7380 CD
7388 -
7428 A 80 -40
7430 A 80 -34
7432 A 80 -30
7434 A 80 -28
7436 A 76 -28
7438 A 64 -28
7440 A 54 -28
7442 A 46 -28
7444 A 40 0
7446 A 34 0
7448 A 30 0
7450 A 28 0
7460 -
7464 A
7472 -
7512 - 80 80
7520 - 80 70
7522 - 80 58
7524 - 80 50
7526 - 80 42
7528 - 80 36
7530 - 80 30
7532 - 80 28
7538 - 80 0
7548 - 70 0
7550 - 46 0
7552 - 32 0
7554 - 28 0
7558 -
7562 A
7570 -
7610 - -80 -80
7642 - -80 -74
7644 - -80 -62
7646 - -80 -52
7648 - -80 -44
7650 - -80 -38
7652 - -80 -32
7654 - -80 -28
7666 - -80 0
7672 - -76 0
7674 - -64 0
7676 - -54 0
7678 - -46 0
7680 - -40 0
7682 - -34 0
7684 - -30 0
7686 - -28 0
7696 -
7700 A
7708 -
7748 A -80 80
7776 A -76 80
7778 A -52 80
7780 A -36 76
7782 A -28 52
7784 A -28 36
7786 A -28 28
7788 A 0 28
7792 -
7796 A
7804 -
7844 A 80 -80
7852 A 56 -80
7854 A 38 -80
7856 A 28 -80
7858 A 28 -72
7860 A 28 -48
7862 A 0 -32
7864 A 0 -28
7868 -
7872 CL
7880 -
7920 - 80 -80
7968 - 78 -80
7970 - 54 -80
7972 - 36 -80
7974 - 28 -80
7976 - 28 -62
7978 - 28 -42
7980 - 0 -28
7986 -
7990 A
7998 -
8038 A -72 80
8040 A -48 80
8042 A -32 80
8044 A -28 80
8048 A 0 80
8120 A 0 72
8122 A 0 60
8124 A 0 50
8126 A 0 34
8128 A 0 28
8134 -
8138 B
8146 -
8186 A 80 -80
8204 A 74 -80
8206 A 62 -80
8208 A 52 -80
8210 A 44 -80
8212 A 38 -80
8214 A 32 -80
8216 A 28 -80
8228 A 0 -80
8258 A 0 -66
8260 A 0 -44
8262 A 0 -30
8264 A 0 -28
8268 -
8272 B
8280 -
8320 - -80 80
8328 - -80 58
8330 - -80 50
8332 - -80 42
8334 - -80 36
8336 - -80 30
8338 - -80 28
8348 - -80 0
8392 - -72 0
8394 - -48 0
8396 - -32 0
8398 - -28 0
8402 -
8406 A
8414 -
8454 A 80 -80
8472 A 80 -64
8474 A 80 -44
8476 A 80 -30
8478 A 80 -28
8482 A 80 0
8508 A 68 0
8510 A 46 0
8512 A 32 0
8514 A 28 0
8544 -
8548 A
8556 -
8596 A -80 64
8598 A -80 44
8600 A -80 30
8626 -
8630 Z
8638 -
8678 - -80 80
8704 -
8708 A
8716 -
8756 A -80 28
8784 -
8788 A
8796 -
8836 - -80 80
8920 - -80 72
8922 - -80 48
8924 - -80 32
8926 - -76 28
8928 - -52 28
8930 - -36 0
8932 - -28 0
8938 -
8942 CL
8950 -
8990 A 80 -80
9028 A 80 -72
9030 A 80 -60
9032 A 80 -50
9034 A 80 -42
9036 A 80 -36
9038 A 80 -30
9040 A 80 -28
9050 A 80 0
9102 A 68 0
9104 A 46 0
9106 A 32 0
9108 A 28 0
9112 -
9116 Z
9124 -
9164 A -80 80
9192 A -80 68
9194 A -80 58
9196 A -80 50
9198 A -80 42
9200 A -80 36
9202 A -80 30
9204 A -80 28
9210 A -74 28
9212 A -62 28
9214 A -52 0
9216 A -44 0
9218 A -38 0
9220 A -32 0
9222 A -28 0
9234 -
9238 A
9246 -
9286 A 80 -80
9292 A 72 -80
9294 A 60 -80
9296 A 50 -80
9298 A 42 -80
9300 A 36 -80
9302 A 30 -80
9304 A 28 -80
9314 A 0 -80
9340 A 0 -70
9342 A 0 -58
9344 A 0 -50
9346 A 0 -42
9348 A 0 -36
9350 A 0 -30
9352 A 0 -28
9362 -
9366 A
9374 -
9414 - -80 80
9416 - -70 80
9418 - -58 80
9420 - -50 80
9422 - -42 80
9424 - -36 80
9426 - -30 80
9428 - -28 80
9438 - 0 80
9452 - 0 68
9454 - 0 58
9456 - 0 50
9458 - 0 42
9460 - 0 36
9462 - 0 30
9464 - 0 28
9474 -
9478 A
9486 -
9526 A 28 28
9532 A 0 28
9534 -
9538 A
9546 -
9586 - -80 -80
9598 - -74 -80
9600 - -62 -80
9602 - -52 -80
9604 - -44 -80
9606 - -38 -80
9608 - -32 -80
9610 - -28 -80
9622 - 0 -80
9652 - 0 -58
9654 - 0 -40
9656 - 0 -28
9662 -
9666 L
9674 -
9714 A 80 80
9742 -
9746 A
9754 -
9794 A 78 80
9798 A 54 80
9800 A 36 80
9802 A 28 80
9808 A 0 80
9810 A 0 74
9812 A 0 50
9814 A 0 34
9816 A 0 30
9818 A 0 28
9828 -
9832 B
9840 -
9880 A 80 80
9920 A 74 80
9922 A 62 74
9924 A 52 62
9926 A 44 52
9928 A 38 44
9930 A 32 38
9932 A 28 32
9934 A 28 28
9944 A 0 28
9946 -
9950 A
9958 -
9998 A -80 72
10000 A -80 60
10002 A -80 50
10004 A -80 42
10006 A -80 36
10008 A -80 30
10010 A -80 28
10016 A -80 0
10066 A -70 0
10068 A -46 0
10070 A -32 0
10072 A -28 0
10076 -
10080 A
10088 -
10128 A 80 -80
10144 A 78 -80
10146 A 54 -80
10148 A 36 -80
10150 A 28 -80
10156 A 0 -80
10172 A 0 -74
10174 A 0 -50
10176 A 0 -34
10178 A 0 -28
10184 -
10188 A
10196 -
10236 A -28 80
10242 A 0 80
10264 A 0 64
10266 A 0 44
10268 A 0 30
10270 A 0 28
10274 -
10278 A
10286 -
10326 - -44 -80
10328 - -30 -80
10330 - -28 -80
10334 - 0 -80
10340 - 0 -70
10342 - 0 -46
10344 - 0 -32
10346 - 0 -28
10350 -
10354 A
10362 -
10402 - 80 80
10460 - 80 78
10462 - 80 66
10464 - 80 56
10466 - 60 38
10468 - 40 28
10470 - 28 28
10474 - 28 0
10476 -
10480 L
10488 -
10528 A -80 -80
10556 A -80 -72
10558 A -80 -60
10560 A -80 -50
10562 A -80 -42
10564 A -80 -36
10566 A -80 -30
10568 A -80 -28
10578 A -80 0
10628 A -64 0
10630 A -44 0
10632 A -30 0
10634 A -28 0
10638 -
10642 CD
10650 -
10690 A 80 70
10692 A 80 46
10694 A 80 32
10696 A 80 28
10698 A 76 28
10700 A 52 0
10702 A 36 0
10704 A 28 0
10710 -
10714 A
10722 -
10762 - 80 80
10780 - 80 60
10782 - 80 40
10784 - 80 28
10790 - 80 0
10800 - 62 0
10802 - 42 0
10804 - 28 0
10810 -
10814 A
10822 -
10862 A -80 -80
10872 A -80 -70
10874 A -80 -46
10876 A -80 -32
10878 A -80 -28
10882 A -80 0
10906 A -76 0
10908 A -52 0
10910 A -36 0
10912 A -28 0
10918 -
10922 A
10930 -
10970 A 80 80
10976 A 80 78
10978 A 80 54
10980 A 80 36
10982 A 80 28
10988 A 80 0
11042 A 64 0
11044 A 44 0
11046 A 30 0
11048 A 28 0
11052 -
11056 A
11064 -
11104 A -80 -80
11192 A -80 -70
11194 A -80 -46
11196 A -80 -32
11198 A -80 -28
11202 A -80 0
11214 A -74 0
11216 A -50 0
11218 A -34 0
11220 A -28 0
11226 -
11230 A
11238 -
11278 A -64 80
11280 A -44 80
11282 A -30 80
11284 A -28 80
11288 A 0 80
11334 A 0 76
11336 A 0 52
11338 A 0 36
11340 A 0 28
11346 -
11350 Z
11358 -
11398 - 80 -80
11406 - 80 -56
11408 - 80 -38
11410 - 80 -28
11416 - 80 0
11422 - 64 0
11424 - 44 0
11426 - 30 0
11428 - 28 0
11432 -
11436 A
11444 -
11484 A -50 80
11486 A -34 80
11488 A -28 76
11490 A -28 52
11492 A -28 36
11494 A 0 28
11500 -
11504 A
11512 -
11552 - 0 -80
11600 - 0 -66
11602 - 0 -44
11604 - 0 -30
11606 - 0 -28
11610 -
11614 A
11622 -
11662 - 80 -68
11664 - 80 -46
11666 - 80 -32
11668 - 80 -28
11672 - 80 0
11694 - 60 0
11696 - 40 0
11698 - 28 0
11704 -
11708 CR
11716 -
11756 - 80 80
11782 - 72 80
11784 - 60 80
11786 - 50 80
11788 - 42 80
11790 - 36 80
11792 - 30 80
11794 - 28 80
11800 - 0 80
11806 - 0 56
11808 - 0 38
11810 - 0 28
11816 -
11820 A
11828 -
11868 A -80 -80
11922 A -80 -70
11924 A -80 -58
11926 A -80 -40
11928 A -80 -28
11934 A -80 0
11946 A -76 0
11948 A -52 0
11950 A -36 0
11952 A -28 0
11958 -
11962 A
11970 -
12010 - 80 -80
12012 - 80 -56
12014 - 80 -38
12016 - 80 -28
12020 - 60 -28
12022 - 40 0
12024 - 28 0
12030 -
12034 A
12042 -
12082 A 40 80
12084 A 28 80
12090 A 0 80
12114 A 0 68
12116 A 0 58
12118 A 0 50
12120 A 0 42
12122 A 0 36
12124 A 0 30
12126 A 0 28
12136 -
12140 B
12148 -
12188 A -80 80
12200 A -80 62
12202 A -80 42
12204 A -80 28
12210 A -80 0
12222 A -60 0
12224 A -40 0
12226 A -28 0
12232 -
12236 A
12244 -
12284 A 80 -80
12318 A 80 -72
12320 A 80 -60
12322 A 80 -50
12324 A 80 -42
12326 A 80 -28
12332 A 80 0
12356 A 74 0
12358 A 50 0
12360 A 34 0
12362 A 28 0
12368 -
12372 A
12380 -
12420 A -80 80
12428 A -80 74
12430 A -80 62
12432 A -80 52
12434 A -80 44
12436 A -80 38
12438 A -80 32
12440 A -80 28
12452 A -80 0
12516 A -64 0
12518 A -44 0
12520 A -30 0
12522 A -28 0
12526 -
12530 A
12538 -
12578 - 80 80
12608 - 72 80
12610 - 60 80
12612 - 50 80
12614 - 42 80
12616 - 36 80
12618 - 30 80
12620 - 28 80
12630 - 0 68
12632 - 0 58
12634 - 0 40
12636 - 0 28
12642 -
12646 A
12654 -
12694 - 80 0
12704 - 64 0
12706 - 44 0
12708 - 30 0
12710 - 28 0
12714 -
12718 A
12726 -
12766 - -80 -80
12800 - -80 -72
12802 - -80 -60
12804 - -80 -50
12806 - -80 -42
12808 - -80 -36
12810 - -80 -30
12812 - -80 -28
12818 - -80 0
12820 - -64 0
12822 - -44 0
12824 - -30 0
12826 - -28 0
12830 -
12834 A
12842 -
12882 - -80 68
12884 - -62 46
12886 - -42 32
12888 - -28 28
12892 - -28 0
12894 -
12898 A
12906 -
12946 A 80 80
12948 A 80 56
12950 A 80 38
12952 A 80 28
12958 A 80 0
12960 A 66 0
12962 A 44 0
12964 A 30 0
12966 A 28 0
12976 -
12980 A
12988 -
13028 A -80 0
13060 A -78 0
13062 A -54 0
13064 A -36 0
13066 A -28 0
13072 -
13076 R
13084 -
13124 - -40 -28
13126 - -28 -28
13128 - -28 0
13132 -
13136 A
13144 -
13184 - 0 80
13198 - 0 78
13200 - 0 54
13202 - 0 36
13204 - 0 28
13210 -
13214 A
13222 -
13262 A 80 -80
13296 A 80 -74
13298 A 80 -62
13300 A 80 -52
13302 A 80 -44
13304 A 80 -38
13306 A 80 -32
13308 A 80 -28
13310 A 78 -28
13312 A 66 -28
13314 A 56 -28
13316 A 48 -28
13318 A 40 -28
13320 A 34 0
13322 A 30 0
13324 A 28 0
13334 -
13338 CU
13346 -
13386 - 80 -80
13416 - 58 -64
13418 - 40 -44
13420 - 28 -30
13422 - 28 -28
13426 -
13430 A
13438 -
13478 - -80 80
13544 - -80 58
13546 - -80 40
13548 - -80 28
13550 - -56 28
13552 - -38 28
13554 - -28 0
13560 -
13564 L
13572 -
13612 - 80 78
13614 - 80 54
13616 - 80 36
13618 - 80 28
13624 - 80 0
13628 - 76 0
13630 - 52 0
13632 - 36 0
13634 - 28 0
13640 -
13644 CR
13652 -
13692 A -80 -80
13694 A -80 -78
13696 A -80 -54
13698 A -80 -36
13700 A -80 -28
13706 A -80 0
13718 A -62 0
13720 A -42 0
13722 A -28 0
13728 -
13732 Z
13740 -
13780 - 80 -80
13806 - 72 -80
13808 - 48 -80
13810 - 40 -80
13812 - 34 -80
13814 - 30 -80
13816 - 28 -80
13824 - 0 -80
13834 - 0 -66
13836 - 0 -44
13838 - 0 -30
13840 - 0 -28
13844 -
13848 CL
13856 -
13896 A -80 80
13924 -
13928 A
13936 -
13976 - -80 80
14002 -
14006 A
14014 -
14054 A 80 -28
14056 A 80 0
14074 A 62 0
14076 A 42 0
14078 A 28 0
14084 -
14088 A
14096 -
14136 A -28 80
14138 A 0 80
14152 A 0 78
14154 A 0 54
14156 A 0 36
14158 A 0 30
14160 A 0 28
14170 -
14174 A
14182 -
14222 A -80 80
14244 A -78 80
14246 A -66 80
14248 A -56 80
14250 A -48 80
14252 A -40 80
14254 A -34 80
14256 A -30 80
14258 A -28 80
14268 A 0 80
14274 A 0 70
14276 A 0 58
14278 A 0 50
14280 A 0 42
14282 A 0 36
14284 A 0 30
14286 A 0 28
14292 -
14296 A
14304 -
14344 A 80 -80
14356 A 70 -80
14358 A 58 -80
14360 A 50 -80
14362 A 42 -80
14364 A 36 -80
14366 A 30 -80
14368 A 28 -80
14378 A 0 -80
14398 A 0 -68
14400 A 0 -58
14402 A 0 -50
14404 A 0 -42
14406 A 0 -36
14408 A 0 -30
14410 A 0 -28
14420 -
14424 A
14432 -
14472 A -80 -28
14484 A -80 0
14520 A -60 0
14522 A -40 0
14524 A -28 0
14530 -
14534 A
14542 -
14582 - 80 80
14592 - 80 76
14594 - 80 52
14596 - 80 36
14598 - 80 28
14600 - 64 28
14602 - 44 28
14604 - 30 0
14606 - 28 0
14610 -
14614 A
14622 -
14662 A -80 80
14670 A -80 72
14672 A -80 48
14674 A -80 32
14676 A -80 28
14680 A -80 0
14688 A -68 0
14690 A -46 0
14692 A -32 0
14694 A -28 0
14698 -
14702 A
14710 -
14750 - 80 -80
14766 - 80 -76
14768 - 80 -52
14770 - 80 -36
14772 - 80 -28
14778 - 80 0
14782 - 76 0
14784 - 52 0
14786 - 44 0
14788 - 38 0
14790 - 32 0
14792 - 28 0
14804 -
14808 CL
14816 -
14856 A -80 80
14868 A -64 80
14870 A -44 72
14872 A -30 48
14874 A -28 32
14876 A -28 28
14878 A 0 28
14880 -
14884 A
14892 -
14932 A -32 -80
14934 A -28 -80
14938 A 0 -80
14960 A 0 -66
14962 A 0 -44
14964 A 0 -30
14966 A 0 -28
14970 -
14974 A
14982 -
15022 A 80 64
15024 A 72 44
15026 A 48 30
15028 A 32 28
15030 A 28 28
15032 A 28 0
15034 -
15038 L
15046 -
15086 - -80 80
15092 - -80 70
15094 - -80 46
15096 - -80 32
15098 - -80 28
15100 - -62 28
15102 - -42 0
15104 - -28 0
15110 -
15114 CR
15122 -
15162 A 80 -80
15172 A 80 -60
15174 A 80 -40
15176 A 80 -28
15180 A 56 -28
15182 A 38 0
15184 A 28 0
15190 -
15194 A
15202 -
15242 - -80 -28
15244 - -80 0
15258 - -78 0
15260 - -54 0
15262 - -36 0
15264 - -28 0
15270 -
15274 A
15282 -
15322 - -80 80
15330 - -68 80
15332 - -46 80
15334 - -32 80
15336 - -28 80
15340 - 0 80
15366 - 0 58
15368 - 0 40
15370 - 0 28
15376 -
15380 R
15388 -
15428 A 80 -28
15434 A 80 0
15438 A 60 0
15440 A 40 0
15442 A 28 0
15448 -
15452 A
15460 -
15500 - 80 -80
15562 - 80 -78
15564 - 80 -54
15566 - 80 -36
15568 - 80 -28
15574 - 80 0
15580 - 78 0
15582 - 54 0
15584 - 36 0
15586 - 28 0
15592 -
15596 A
15604 -
15644 - -80 0
15668 - -72 0
15670 - -48 0
15672 - -32 0
15674 - -28 0
15678 -
15682 A
15690 -
15730 - -80 80
15740 - -80 60
15742 - -80 40
15744 - -80 34
15746 - -80 30
15748 - -80 28
15758 - -80 0
15772 - -68 0
15774 - -46 0
15776 - -32 0
15778 - -28 0
15782 -
15786 A
15794 -
15834 A -80 -80
15842 A -62 -80
15844 A -42 -80
15846 A -28 -80
15850 A -28 -76
15852 A 0 -52
15854 A 0 -36
15856 A 0 -28
15862 -
15866 A
15874 -
15914 - -28 80
15918 - 0 80
15966 - 0 60
15968 - 0 40
15970 - 0 28
15976 -
15980 A
15988 -
16028 - 0 -80
16048 - 0 -68
16050 - 0 -46
16052 - 0 -32
16054 - 0 -28
16058 -
16062 A
16070 -
16110 - 80 -80
16136 - 80 -60
16138 - 80 -40
16140 - 80 -28
16146 - 80 0
16156 - 58 0
16158 - 40 0
16160 - 28 0
16166 -
16170 A
16178 -
16218 A -80 80
16244 -
16248 CL
16256 -
16296 - -80 80
16322 -
16326 A
16334 -
16374 A -80 80
16402 -
16406 A
16414 -
16454 - 80 80
16480 -
16484 A
16492 -
16532 - -80 80
16586 - -64 80
16588 - -44 80
16590 - -30 66
16592 - -28 44
16594 - -28 30
16596 - 0 28
16600 -
16604 A
16612 -
16652 A 80 -80
16662 A 80 -56
16664 A 80 -38
16666 A 80 -28
16672 A 80 0
16686 A 78 0
16688 A 54 0
16690 A 36 0
16692 A 28 0
16698 -
16702 A
16710 -
16750 A -80 -70
16752 A -80 -46
16754 A -74 -32
16756 A -50 -28
16758 A -34 -28
16760 A -28 0
16766 -
16770 B
16778 -
16818 A -66 -80
16820 A -44 -80
16822 A -30 -80
16824 A -28 -80
16828 A 0 -80
16836 A 0 -70
16838 A 0 -46
16840 A 0 -32
16842 A 0 -28
16846 -
16850 A
16858 -
16898 A -80 -80
16900 A -76 -80
16902 A -52 -80
16904 A -36 -80
16906 A -28 -80
16912 A 0 -66
16914 A 0 -44
16916 A 0 -30
16918 A 0 -28
16922 -
16926 CL
16934 -
16974 A 80 -48
16976 A 80 -32
16978 A 80 -28
16982 A 80 0
16996 A 76 0
16998 A 52 0
17000 A 36 0
17002 A 28 0
17008 -
17012 CU
17020 -
17060 A 80 52
17062 A 80 36
17088 -
17092 A
17100 -
17140 - -80 80
17166 -
17170 A
17178 -
17218 - 32 80
17220 - 28 80
17224 - 0 80
17242 - 0 78
17244 - 0 66
17246 - 0 56
17248 - 0 48
17250 - 0 40
17252 - 0 34
17254 - 0 30
17256 - 0 28
17266 -
17270 A
17278 -
17318 A 80 80
17326 A 80 74
17328 A 80 62
17330 A 80 52
17332 A 80 44
17334 A 80 38
17336 A 80 32
17338 A 80 28
17350 A 80 0
17382 A 68 0
17384 A 58 0
17386 A 50 0
17388 A 42 0
17390 A 36 0
17392 A 30 0
17394 A 28 0
17404 -
17408 A
17416 -
17456 A -80 -28
17466 A -80 0
17470 A -72 0
17472 A -60 0
17474 A -50 0
17476 A -42 0
17478 A -36 0
17480 A -30 0
17482 A -28 0
17492 -
17496 A
17504 -
17544 A 80 -80
17556 A 80 -78
17558 A 80 -66
17560 A 80 -56
17562 A 80 -48
17564 A 80 -40
17566 A 80 -34
17568 A 80 -30
17570 A 80 -28
17572 A 76 -28
17574 A 64 -28
17576 A 54 -28
17578 A 46 -28
17580 A 40 0
17582 A 34 0
17584 A 30 0
17586 A 28 0
17596 -
17600 R
17608 -
17648 A -80 -72
17650 A -80 -60
17652 A -80 -50
17654 A -80 -42
17656 A -80 -36
17658 A -80 -30
17660 A -80 -28
17670 A -80 0
17714 A -64 0
17716 A -44 0
17718 A -30 0
17720 A -28 0
17724 -
17728 A
17736 -
17776 - 80 80
17816 - 80 78
17818 - 80 66
17820 - 80 56
17822 - 80 48
17824 - 80 40
17826 - 80 28
17832 - 80 0
17842 - 62 0
17844 - 42 0
17846 - 28 0
17852 -
17856 A
17864 -
17904 - 28 -80
17908 - 0 -80
17924 - 0 -68
17926 - 0 -58
17928 - 0 -50
17930 - 0 -42
17932 - 0 -36
17934 - 0 -30
17936 - 0 -28
17946 -
17950 A
17958 -
17998 A -80 -80
18030 A -80 -78
18032 A -80 -54
18034 A -80 -36
18036 A -80 -28
18042 A -62 0
18044 A -42 0
18046 A -28 0
18052 -
18056 A
18064 -
18104 A 80 80
18154 A 74 80
18156 A 62 80
18158 A 52 80
18160 A 44 80
18162 A 38 80
18164 A 32 72
18166 A 28 60
18168 A 28 50
18170 A 28 42
18172 A 28 36
18174 A 28 28
18176 A 0 28
18180 -
18184 A
18192 -
18232 A -80 -80
18264 A -74 -80
18266 A -62 -80
18268 A -52 -80
18270 A -44 -80
18272 A -38 -80
18274 A -32 -80
18276 A -28 -80
18280 A -28 -78
18282 A -28 -66
18284 A -28 -56
18286 A -28 -48
18288 A 0 -40
18290 A 0 -34
18292 A 0 -28
18298 -
18302 A
18310 -
18350 - -80 80
18352 - -80 64
18354 - -80 44
18356 - -80 38
18358 - -80 32
18360 - -80 28
18372 - -80 0
18420 - -62 0
18422 - -42 0
18424 - -28 0
18430 -
18434 A
18442 -
18482 A 80 -80
18488 A 80 -64
18490 A 80 -44
18492 A 80 -30
18494 A 80 -28
18498 A 80 0
18514 A 68 0
18516 A 46 0
18518 A 32 0
18520 A 28 0
18524 -
18528 A
18536 -
18576 - -80 -28
18578 - -80 0
18592 - -78 0
18594 - -54 0
18596 - -36 0
18598 - -28 0
18604 -
18608 A
18616 -
18656 - 80 80
18670 - 66 80
18672 - 44 80
18674 - 30 80
18676 - 28 80
18686 - 0 80
18706 - 0 70
18708 - 0 58
18710 - 0 40
18712 - 0 28
18718 -
18722 Z
18730 -
18770 - 80 -80
18772 - 80 -60
18774 - 80 -40
18776 - 80 -28
18778 - 72 -28
18780 - 60 -28
18782 - 50 -28
18784 - 42 -28
18786 - 36 0
18788 - 30 0
18790 - 28 0
18800 -
18804 A
18812 -
18852 A 80 -44
18854 A 80 -38
18856 A 80 -32
18858 A 80 -28
18870 A 80 0
18908 A 70 0
18910 A 58 0
18912 A 50 0
18914 A 42 0
18916 A 36 0
18918 A 30 0
18920 A 28 0
18930 -
18934 B
18942 -
18982 - -80 -80
18998 - -80 -76
19000 - -80 -64
19002 - -80 -54
19004 - -80 -46
19006 - -80 -40
19008 - -80 -34
19010 - -80 -30
19012 - -80 -28
19022 - -80 0
19090 - -66 0
19092 - -44 0
19094 - -30 0
19096 - -28 0
19100 -
19104 A
19112 -
19152 - -80 -80
19158 - -78 -80
19160 - -54 -80
19162 - -36 -80
19164 - -28 -80
19170 - 0 -74
19172 - 0 -50
19174 - 0 -34
19176 - 0 -28
19182 -
19186 A
19194 -
19234 A -64 80
19236 A -44 66
19238 A -30 44
19240 A -28 30
19242 A -28 28
19244 A 0 28
19246 -
19250 A
19258 -
19298 A 80 -30
19300 A 80 -28
19304 A 80 0
19308 A 70 0
19310 A 46 0
19312 A 32 0
19314 A 28 0
19318 -
19322 A
19330 -
19370 A 80 80
19372 A 80 60
19374 A 80 40
19376 A 80 28
19382 A 80 0
19384 A 72 0
19386 A 48 0
19388 A 32 0
19390 A 28 0
19394 -
19398 A
19406 -
19446 A -74 80
19448 A -50 80
19450 A -34 80
19452 A -28 80
19458 A 0 80
19464 A 0 66
19466 A 0 44
19468 A 0 30
19470 A 0 28
19474 -
19478 A
19486 -
19526 A 80 -80
19564 A 80 -66
19566 A 80 -44
19568 A 80 -30
19570 A 80 -28
19574 A 80 0
19584 A 70 0
19586 A 46 0
19588 A 32 0
19590 A 28 0
19594 -
19598 A
19606 -
19646 A -80 80
19706 A -80 78
19708 A -80 66
19710 A -80 44
19712 A -80 30
19714 A -80 28
19718 A -80 0
19746 A -76 0
19748 A -52 0
19750 A -36 0
19752 A -28 0
19758 -
19762 A
19770 -
19810 A 80 -80
19812 A 80 -76
19814 A 80 -52
19816 A 80 -36
19818 A 80 -28
19824 A 80 0
19928 A 78 0
19930 A 66 0
19932 A 56 0
19934 A 48 0
19936 A 40 0
19938 A 28 0
19944 -
19948 A
19956 -
19996 A -80 -80
20032 A -80 -70
20034 A -80 -58
20036 A -68 -50
20038 A -58 -42
20040 A -50 -36
20042 A -42 -30
20044 A -36 -28
20046 A -30 -28
20048 A -28 -28
20054 A -28 0
20058 -
20062 A
20070 -
20110 A -80 -56
20112 A -80 -48
20114 A -80 -40
20116 A -80 -34
20118 A -80 -30
20120 A -80 -28
20126 A -80 0
20134 A -62 0
20136 A -42 0
20138 A -28 0
20144 -
20148 A
20156 -
20196 A -34 -58
20198 A -28 -40
20200 A -28 -28
20204 A 0 -28
20206 -
20210 R
20218 -
20258 - 80 80
20264 - 76 80
20266 - 52 80
20268 - 44 80
20270 - 38 80
20272 - 32 80
20274 - 28 80
20278 - 28 74
20280 - 28 62
20282 - 28 52
20284 - 28 44
20286 - 0 38
20288 - 0 32
20290 - 0 28
20302 -
20306 A
20314 -
20354 A -80 80
20358 A -70 80
20360 A -58 80
20362 A -50 80
20364 A -42 80
20366 A -36 80
20368 A -30 80
20370 A -28 80
20374 A 0 80
20376 A 0 60
20378 A 0 40
20380 A 0 28
20386 -
20390 A
20398 -
20438 - 80 -80
20480 - 78 -80
20482 - 66 -80
20484 - 56 -80
20486 - 48 -80
20488 - 40 -80
20490 - 34 -72
20492 - 30 -60
20494 - 28 -50
20496 - 28 -42
20498 - 28 -36
20500 - 28 -30
20502 - 28 -28
20504 - 0 -28
20512 -
20516 A
20524 -
20564 - -80 80
20572 - -80 70
20574 - -80 58
20576 - -80 50
20578 - -80 42
20580 - -80 36
20582 - -80 30
20584 - -80 28
20594 - -80 0
20612 - -78 0
20614 - -66 0
20616 - -56 0
20618 - -48 0
20620 - -40 0
20622 - -28 0
20628 -
20632 A
20640 -
20680 A -80 -80
20696 A -66 -64
20698 A -44 -44
20700 A -30 -30
20702 A -28 -28
20706 -
20710 A
20718 -
20758 A 80 80
20802 A 80 74
20804 A 80 62
20806 A 80 52
20808 A 78 44
20810 A 66 38
20812 A 56 32
20814 A 48 28
20816 A 40 28
20818 A 34 28
20820 A 30 28
20822 A 28 28
20826 A 28 0
20832 -
20836 A
20844 -
20884 A -80 80
20898 A -80 74
20900 A -58 50
20902 A -40 34
20904 A -28 28
20910 -
20914 A
20922 -
20962 - 80 -34
20964 - 80 -28
20970 - 80 0
20988 - 68 0
20990 - 46 0
20992 - 32 0
20994 - 28 0
20998 -
21002 A
21010 -
21050 A -80 -80
21124 A -80 -68
21126 A -80 -46
21128 A -80 -32
21130 A -80 -28
21134 A -80 0
21150 A -56 0
21152 A -38 0
21154 A -28 0
21160 -
21164 A
21172 -
21212 - 80 -70
21214 - 80 -46
21216 - 80 -32
21218 - 80 -28
21222 - 80 0
21292 - 74 0
21294 - 50 0
21296 - 34 0
21298 - 28 0
21304 -
21308 B
21316 -
21356 - -80 80
21362 - -80 78
21364 - -80 54
21366 - -80 36
21368 - -80 28
21374 - -80 0
21382 - -70 0
21384 - -46 0
21386 - -32 0
21388 - -28 0
21392 -
21396 A
21404 -
