# Paint shop, car 7 (the second car in the list): the same random walk with seed 2 and a longer run.
#
# Written by tools/tgrally/n64drive.py (plan 'paint_walk2'); the driver saw:
#   TOP GEAR RALLY: row 4
#   TOP GEAR RALLY: row 4
#   paint shop: 254 random moves (seed 2), left and re-entered 1 times
frames 31597
0 -
80 A
88 -
294 START
302 -
502 - -80 0
510 -
534 - -80 0
542 -
626 - -80 0
634 -
658 - -80 0
666 -
750 - -80 0
758 -
794 A
802 -
1080 - 80 0
1088 -
1208 A
1216 -
1522 A -80 80
1544 A -62 80
1546 A -42 80
1548 A -28 80
1550 A -28 68
1552 A -28 46
1554 A 0 32
1556 A 0 28
1560 -
1564 CR
1572 -
1612 A 80 -80
1638 A 76 -80
1640 A 52 -80
1642 A 36 -80
1644 A 28 -80
1650 A 0 -66
1652 A 0 -44
1654 A 0 -30
1656 A 0 -28
1660 -
1664 A
1672 -
1712 - -80 80
1722 - -70 56
1724 - -46 38
1726 - -32 28
1728 - -28 28
1732 -
1736 L
1744 -
1784 - 80 -28
1786 - 80 0
1880 - 76 0
1882 - 64 0
1884 - 54 0
1886 - 46 0
1888 - 40 0
1890 - 34 0
1892 - 30 0
1894 - 28 0
1902 -
1906 Z
1914 -
1954 - -80 -28
1964 - -80 0
2000 - -76 0
2002 - -64 0
2004 - -54 0
2006 - -46 0
2008 - -40 0
2010 - -34 0
2012 - -30 0
2014 - -28 0
2024 -
2028 R
2036 -
2076 - 80 80
2114 - 80 74
2116 - 80 62
2118 - 74 52
2120 - 62 44
2122 - 52 38
2124 - 44 32
2126 - 38 28
2128 - 32 28
2130 - 28 28
2138 - 28 0
2142 -
2146 A
2154 -
2194 A -80 -28
2196 A -80 0
2314 A -76 0
2316 A -52 0
2318 A -36 0
2320 A -28 0
2326 -
2330 A
2338 -
2378 - 80 -80
2388 - 80 -72
2390 - 80 -48
2392 - 80 -32
2394 - 80 -28
2398 - 80 0
2486 - 72 0
2488 - 60 0
2490 - 50 0
2492 - 42 0
2494 - 36 0
2496 - 30 0
2498 - 28 0
2508 -
2512 A
2520 -
2560 - -80 -80
2564 - -80 -70
2566 - -80 -58
2568 - -80 -50
2570 - -80 -42
2572 - -80 -36
2574 - -80 -30
2576 - -80 -28
2586 - -80 0
2648 - -66 0
2650 - -44 0
2652 - -30 0
2654 - -28 0
2658 -
2662 A
2670 -
2710 - 80 -80
2734 - 80 -70
2736 - 56 -46
2738 - 38 -32
2740 - 28 -28
2744 - 28 0
2746 -
2750 A
2758 -
2798 - 80 80
2806 - 74 80
2808 - 50 80
2810 - 34 80
2812 - 28 80
2818 - 0 80
2874 - 0 74
2876 - 0 62
2878 - 0 52
2880 - 0 44
2882 - 0 38
2884 - 0 32
2886 - 0 28
2890 -
2894 A
2902 -
2942 - 36 -80
2944 - 28 -80
2952 - 0 -80
3010 - 0 -68
3012 - 0 -46
3014 - 0 -32
3016 - 0 -28
3020 -
3024 A
3032 -
3072 - 80 80
3074 - 56 80
3076 - 38 80
3078 - 28 80
3080 - 28 68
3082 - 28 58
3084 - 28 50
3086 - 28 42
3088 - 0 36
3090 - 0 30
3092 - 0 28
3102 -
3106 B
3114 -
3154 - -70 80
3156 - -58 80
3158 - -50 80
3160 - -42 80
3162 - -36 80
3164 - -30 80
3166 - -28 80
3168 - -28 76
3170 - -28 64
3172 - -28 54
3174 - -28 46
3176 - 0 40
3178 - 0 34
3180 - 0 30
3182 - 0 28
3192 -
3196 B
3204 -
3244 A 46 -80
3246 A 40 -80
3248 A 34 -80
3250 A 30 -80
3252 A 28 -80
3262 A 0 -80
3284 A 0 -70
3286 A 0 -46
3288 A 0 -32
3290 A 0 -28
3294 -
3298 A
3306 -
3346 A -80 38
3348 A -80 28
3354 A -80 0
3394 A -74 0
3396 A -50 0
3398 A -34 0
3400 A -28 0
3406 -
3410 CR
3418 -
3458 - 80 -80
3468 - 80 -66
3470 - 80 -44
3472 - 80 -30
3474 - 80 -28
3476 - 56 -28
3478 - 38 0
3480 - 28 0
3486 -
3490 A
3498 -
3538 - 80 80
3558 - 80 68
3560 - 80 58
3562 - 80 50
3564 - 80 42
3566 - 80 36
3568 - 80 30
3570 - 80 28
3580 - 80 0
3582 - 70 0
3584 - 58 0
3586 - 50 0
3588 - 42 0
3590 - 36 0
3592 - 30 0
3594 - 28 0
3604 -
3608 A
3616 -
3656 A -80 -80
3676 A -80 -68
3678 A -80 -46
3680 A -80 -32
3682 A -80 -28
3686 A -80 0
3692 A -68 0
3694 A -46 0
3696 A -32 0
3698 A -28 0
3702 -
3706 A
3714 -
3754 - -80 -60
3756 - -80 -40
3758 - -80 -28
3764 - -80 0
3790 - -58 0
3792 - -40 0
3794 - -28 0
3800 -
3804 A
3812 -
3852 A 80 36
3854 A 80 28
3860 A 80 0
3866 A 64 0
3868 A 44 0
3870 A 30 0
3872 A 28 0
3876 -
3880 A
3888 -
3928 - -80 80
3946 - -70 80
3948 - -46 80
3950 - -32 80
3952 - -28 80
3956 - 0 80
3962 - 0 76
3964 - 0 52
3966 - 0 36
3968 - 0 28
3974 -
3978 A
3986 -
4026 - 80 -80
4030 - 62 -80
4032 - 42 -80
4034 - 28 -80
4040 - 0 -80
4062 - 0 -62
4064 - 0 -42
4066 - 0 -28
4072 -
4076 CL
4084 -
4124 A 80 80
4138 A 58 80
4140 A 40 80
4142 A 28 80
4148 A 0 80
4178 A 0 60
4180 A 0 40
4182 A 0 28
4188 -
4192 A
4200 -
4240 A -80 0
4264 A -74 0
4266 A -50 0
4268 A -34 0
4270 A -28 0
4276 -
4280 A
4288 -
4328 A -28 -28
4332 -
4336 A
4344 -
4384 - 34 -80
4386 - 28 -80
4392 - 0 -80
4434 - 0 -66
4436 - 0 -44
4438 - 0 -30
4440 - 0 -28
4444 -
4448 A
4456 -
4496 - 80 -80
4498 - 80 -66
4500 - 80 -44
4502 - 80 -30
4504 - 80 -28
4506 - 58 -28
4508 - 40 0
4510 - 28 0
4516 -
4520 A
4528 -
4568 A 80 80
4572 A 80 72
4574 A 80 48
4576 A 80 32
4578 A 80 28
4582 A 80 0
4630 A 70 0
4632 A 46 0
4634 A 32 0
4636 A 28 0
4640 -
4644 A
4652 -
4692 - -80 80
4762 - -78 80
4764 - -66 56
4766 - -44 38
4768 - -30 28
4770 - -28 28
4774 -
4778 A
4786 -
4826 A -80 -80
4832 A -80 -64
4834 A -80 -44
4836 A -80 -30
4838 A -80 -28
4842 A -80 0
4844 A -64 0
4846 A -44 0
4848 A -30 0
4850 A -28 0
4854 -
4858 A
4866 -
4906 - 80 -80
4924 - 80 -60
4926 - 80 -40
4928 - 80 -28
4934 - 80 0
4978 - 72 0
4980 - 60 0
4982 - 50 0
4984 - 42 0
4986 - 36 0
4988 - 30 0
4990 - 28 0
5000 -
5004 A
5012 -
5052 A -80 -80
5068 A -80 -68
5070 A -80 -46
5072 A -80 -32
5074 A -80 -28
5078 A -80 0
5082 A -60 0
5084 A -40 0
5086 A -28 0
5092 -
5096 A
5104 -
5144 - -80 80
5158 - -62 80
5160 - -42 80
5162 - -28 66
5164 - -28 44
5166 - -28 30
5168 - 0 28
5172 -
5176 A
5184 -
5224 A 80 -80
5246 A 64 -80
5248 A 44 -80
5250 A 30 -58
5252 A 28 -40
5254 A 28 -28
5256 A 0 -28
5260 -
5264 A
5272 -
5312 - -80 80
5338 -
5342 A
5350 -
5390 A 80 80
5426 A 76 80
5428 A 64 80
5430 A 54 80
5432 A 46 80
5434 A 40 80
5436 A 34 80
5438 A 30 80
5440 A 28 80
5444 A 28 76
5446 A 28 64
5448 A 28 54
5450 A 0 46
5452 A 0 40
5454 A 0 34
5456 A 0 30
5458 A 0 28
5468 -
5472 CR
5480 -
5520 - -80 -80
5554 - -80 -76
5556 - -80 -64
5558 - -80 -54
5560 - -80 -46
5562 - -80 -40
5564 - -80 -34
5566 - -80 -30
5568 - -80 -28
5576 - -80 0
5584 - -64 0
5586 - -44 0
5588 - -30 0
5590 - -28 0
5594 -
5598 A
5606 -
5646 - 80 80
5712 - 80 68
5714 - 80 58
5716 - 80 50
5718 - 80 34
5720 - 80 28
5724 - 62 28
5726 - 42 0
5728 - 28 0
5734 -
5738 A
5746 -
5786 A -80 -28
5790 A -80 0
5852 A -78 0
5854 A -54 0
5856 A -36 0
5858 A -28 0
5864 -
5868 A
5876 -
5916 - 80 -80
5928 - 62 -80
5930 - 42 -80
5932 - 28 -80
5938 - 0 -80
5940 - 0 -74
5942 - 0 -50
5944 - 0 -34
5946 - 0 -28
5952 -
5956 A
5964 -
6004 A -80 80
6020 A -80 76
6022 A -80 52
6024 A -80 36
6026 A -80 28
6032 A -70 0
6034 A -46 0
6036 A -32 0
6038 A -28 0
6042 -
6046 A
6054 -
6094 - 80 80
6102 - 80 74
6104 - 80 50
6106 - 80 34
6108 - 80 28
6114 - 80 0
6126 - 58 0
6128 - 40 0
6130 - 28 0
6136 -
6140 A
6148 -
6188 - 80 -80
6198 - 80 -60
6200 - 80 -40
6202 - 60 -28
6204 - 40 -28
6206 - 28 -28
6210 - 28 0
6218 -
6222 A
6230 -
6270 A -80 80
6276 A -80 56
6278 A -80 38
6280 A -80 28
6286 A -80 0
6326 A -76 0
6328 A -52 0
6330 A -36 0
6332 A -28 0
6338 -
6342 A
6350 -
6390 - 80 -80
6402 - 68 -80
6404 - 46 -80
6406 - 32 -80
6408 - 28 -80
6412 - 0 -80
6416 - 0 -56
6418 - 0 -38
6420 - 0 -28
6426 -
6430 A
6438 -
6478 A -28 80
6482 A 0 80
6514 A 0 70
6516 A 0 46
6518 A 0 32
6520 A 0 28
6524 -
6528 A
6536 -
6576 - 80 0
6590 - 72 0
6592 - 48 0
6594 - 32 0
6596 - 28 0
6600 -
6604 A
6612 -
6652 - 80 -80
6662 - 76 -80
6664 - 52 -80
6666 - 36 -80
6668 - 28 -80
6678 - 0 -80
6710 - 0 -78
6712 - 0 -66
6714 - 0 -56
6716 - 0 -48
6718 - 0 -40
6720 - 0 -34
6722 - 0 -30
6724 - 0 -28
6734 -
6738 A
6746 -
6786 - -80 -80
6800 - -80 -72
6802 - -56 -48
6804 - -38 -32
6806 - -28 -28
6810 - -28 0
6812 -
6816 A
6824 -
6864 - -80 80
6870 - -80 74
6872 - -80 50
6874 - -80 34
6876 - -80 28
6882 - -80 0
6890 - -78 0
6892 - -54 0
6894 - -36 0
6896 - -28 0
6902 -
6906 CD
6914 -
6954 - 80 -76
6956 - 80 -52
6958 - 80 -36
6960 - 78 -28
6962 - 54 -28
6964 - 36 -28
6966 - 28 0
6972 -
6976 A
6984 -
7024 - 80 80
7072 - 80 78
7074 - 80 54
7076 - 80 36
7078 - 80 28
7084 - 80 0
7098 - 66 0
7100 - 44 0
7102 - 30 0
7104 - 28 0
7108 -
7112 A
7120 -
7160 A -80 -80
7172 A -80 -74
7174 A -80 -62
7176 A -80 -52
7178 A -80 -44
7180 A -80 -38
7182 A -80 -32
7184 A -80 -28
7190 A -68 -28
7192 A -58 -28
7194 A -50 -28
7196 A -42 0
7198 A -36 0
7200 A -30 0
7202 A -28 0
7212 -
7216 A
7224 -
7264 A -80 80
7286 A -80 60
7288 A -80 40
7290 A -80 28
7296 A -80 0
7316 A -58 0
7318 A -40 0
7320 A -28 0
7326 -
7330 Z
7338 -
7378 A 80 50
7380 A 80 34
7382 A 80 28
7388 A 80 0
7432 A 66 0
7434 A 44 0
7436 A 30 0
7438 A 28 0
7442 -
7446 A
7454 -
7494 - -80 -80
7546 - -74 -80
7548 - -50 -80
7550 - -34 -62
7552 - -28 -42
7554 - -28 -28
7558 - 0 -28
7560 -
7564 A
7572 -
7612 A -80 80
7624 A -80 74
7626 A -80 50
7628 A -80 34
7630 A -80 28
7636 A -80 0
7638 A -66 0
7640 A -44 0
7642 A -30 0
7644 A -28 0
7648 -
7652 A
7660 -
7700 A 80 -80
7728 A 60 -56
7730 A 40 -38
7732 A 28 -28
7738 -
7742 A
7750 -
7790 - 80 80
7812 - 56 80
7814 - 48 80
7816 - 40 80
7818 - 34 70
7820 - 30 58
7822 - 28 50
7824 - 28 42
7826 - 28 36
7828 - 28 30
7830 - 28 28
7832 - 0 28
7840 -
7844 A
7852 -
7892 - -52 0
7894 - -44 0
7896 - -38 0
7898 - -32 0
7900 - -28 0
7912 -
7916 A
7924 -
7964 - -80 80
7996 - -80 60
7998 - -80 40
8000 - -80 28
8006 - -80 0
8008 - -64 0
8010 - -44 0
8012 - -30 0
8014 - -28 0
8018 -
8022 A
8030 -
8070 - 80 -80
8076 - 80 -58
8078 - 80 -40
8080 - 80 -28
8086 - 80 0
8110 - 66 0
8112 - 44 0
8114 - 30 0
8116 - 28 0
8120 -
8124 A
8132 -
8172 A 80 -80
8182 A 70 -80
8184 A 58 -80
8186 A 50 -80
8188 A 42 -80
8190 A 36 -80
8192 A 30 -80
8194 A 28 -80
8204 A 0 -80
8236 A 0 -66
8238 A 0 -44
8240 A 0 -30
8242 A 0 -28
8246 -
8250 A
8258 -
8298 - -80 80
8324 -
8328 A
8336 -
8376 A -80 80
8404 -
8408 R
8416 -
8456 - 74 -80
8482 -
8486 A
8494 -
8534 - -80 80
8560 -
8564 A
8572 -
8612 - -80 80
8620 - -80 72
8622 - -80 48
8624 - -80 32
8626 - -80 28
8630 - -80 0
8670 - -64 0
8672 - -44 0
8674 - -30 0
8676 - -28 0
8680 -
8684 A
8692 -
8732 A -32 80
8734 A -28 80
8738 A 0 80
8746 A 0 72
8748 A 0 48
8750 A 0 32
8752 A 0 28
8756 -
8760 A
8768 -
8808 - 80 80
8828 - 80 62
8830 - 80 42
8832 - 80 28
8838 - 80 0
8860 - 78 0
8862 - 54 0
8864 - 36 0
8866 - 28 0
8872 -
8876 Z
8884 -
8924 A -80 -80
8938 A -80 -62
8940 A -80 -42
8942 A -80 -36
8944 A -80 -30
8946 A -80 -28
8954 A -80 0
8974 A -74 0
8976 A -50 0
8978 A -34 0
8980 A -28 0
8986 -
8990 A
8998 -
9038 A 80 -80
9046 A 80 -56
9048 A 80 -38
9050 A 80 -28
9056 A 80 0
9066 A 76 0
9068 A 64 0
9070 A 54 0
9072 A 46 0
9074 A 40 0
9076 A 34 0
9078 A 30 0
9080 A 28 0
9090 -
9094 A
9102 -
9142 - -80 -80
9148 - -80 -70
9150 - -80 -58
9152 - -80 -50
9154 - -80 -42
9156 - -80 -36
9158 - -80 -28
9164 - -80 0
9174 - -62 0
9176 - -42 0
9178 - -28 0
9184 -
9188 R
9196 -
9236 - -80 80
9240 - -78 80
9242 - -54 80
9244 - -36 80
9246 - -28 80
9248 - -28 72
9250 - -28 48
9252 - 0 32
9254 - 0 28
9258 -
9262 A
9270 -
9310 - 80 80
9318 - 80 74
9320 - 80 50
9322 - 80 34
9324 - 80 28
9330 - 80 0
9332 - 66 0
9334 - 44 0
9336 - 30 0
9338 - 28 0
9342 -
9346 A
9354 -
9394 - -42 -80
9396 - -28 -80
9402 - 0 -80
9408 - 0 -72
9410 - 0 -48
9412 - 0 -32
9414 - 0 -28
9418 -
9422 A
9430 -
9470 A 80 -80
9506 A 80 -64
9508 A 80 -44
9510 A 80 -30
9512 A 80 -28
9516 A 80 0
9534 A 66 0
9536 A 44 0
9538 A 30 0
9540 A 28 0
9544 -
9548 A
9556 -
9596 - -80 -80
9598 - -80 -62
9600 - -80 -42
9602 - -80 -28
9608 - -80 0
9682 - -78 0
9684 - -54 0
9686 - -36 0
9688 - -28 0
9694 -
9698 CD
9706 -
9746 A 80 80
9766 A 80 70
9768 A 80 46
9770 A 80 32
9772 A 80 28
9776 A 80 0
9814 A 72 0
9816 A 60 0
9818 A 50 0
9820 A 42 0
9822 A 36 0
9824 A 30 0
9826 A 28 0
9836 -
9840 A
9848 -
9888 - -80 -80
9908 - -80 -78
9910 - -80 -66
9912 - -80 -44
9914 - -80 -30
9916 - -76 -28
9918 - -52 -28
9920 - -36 0
9922 - -28 0
9928 -
9932 A
9940 -
9980 - 80 80
10020 - 80 78
10022 - 80 66
10024 - 80 56
10026 - 80 48
10028 - 80 40
10030 - 80 34
10032 - 80 30
10034 - 80 28
10036 - 76 28
10038 - 64 28
10040 - 54 28
10042 - 46 28
10044 - 40 0
10046 - 34 0
10048 - 30 0
10050 - 28 0
10060 -
10064 A
10072 -
10112 - -80 -80
10164 - -80 -68
10166 - -80 -46
10168 - -80 -32
10170 - -80 -28
10174 - -80 0
10196 - -74 0
10198 - -50 0
10200 - -34 0
10202 - -28 0
10208 -
10212 A
10220 -
10260 A 80 80
10266 A 80 64
10268 A 80 44
10270 A 80 30
10272 A 80 28
10276 A 80 0
10366 A 72 0
10368 A 60 0
10370 A 50 0
10372 A 42 0
10374 A 36 0
10376 A 30 0
10378 A 28 0
10388 -
10392 R
10400 -
10440 A -80 80
10482 A -80 68
10484 A -80 58
10486 A -80 50
10488 A -80 42
10490 A -80 36
10492 A -80 30
10494 A -80 28
10504 A -80 0
10564 A -78 0
10566 A -54 0
10568 A -36 0
10570 A -28 0
10576 -
10580 A
10588 -
10628 A 80 -80
10650 A 80 -74
10652 A 80 -50
10654 A 80 -34
10656 A 80 -28
10662 A 80 0
10700 A 68 0
10702 A 46 0
10704 A 32 0
10706 A 28 0
10710 -
10714 A
10722 -
10762 - -80 80
10766 - -76 80
10768 - -52 80
10770 - -36 80
10772 - -28 80
10782 - 0 80
10814 - 0 72
10816 - 0 60
10818 - 0 50
10820 - 0 42
10822 - 0 36
10824 - 0 30
10826 - 0 28
10832 -
10836 A
10844 -
10884 A -80 80
10888 A -80 76
10890 A -80 52
10892 A -80 36
10894 A -80 28
10900 A -80 0
10910 A -76 0
10912 A -52 0
10914 A -36 0
10916 A -28 0
10922 -
10926 A
10934 -
10974 - -32 -80
10976 - -28 -80
10980 - 0 -80
10984 - 0 -58
10986 - 0 -40
10988 - 0 -28
10994 -
10998 A
11006 -
11046 - -28 -80
11050 - 0 -80
11060 - 0 -56
11062 - 0 -38
11064 - 0 -28
11070 -
11074 A
11082 -
11122 A 80 0
11180 A 70 0
11182 A 58 0
11184 A 50 0
11186 A 42 0
11188 A 36 0
11190 A 30 0
11192 A 28 0
11202 -
11206 A
11214 -
11254 A 74 -80
11256 A 62 -80
11258 A 52 -80
11260 A 44 -80
11262 A 38 -80
11264 A 32 -80
11266 A 28 -80
11270 A 0 -80
11272 A 0 -74
11274 A 0 -50
11276 A 0 -34
11278 A 0 -28
11284 -
11288 CU
11296 -
11336 - -80 80
11350 - -66 80
11352 - -56 80
11354 - -48 80
11356 - -40 80
11358 - -34 80
11360 - -30 80
11362 - -28 80
11372 - 0 80
11416 - 0 70
11418 - 0 46
11420 - 0 32
11422 - 0 28
11426 -
11430 A
11438 -
11478 - -80 -80
11522 - -60 -80
11524 - -40 -80
11526 - -28 -80
11532 - 0 -80
11536 - 0 -68
11538 - 0 -46
11540 - 0 -32
11542 - 0 -28
11546 -
11550 L
11558 -
11598 - 80 80
11638 - 80 74
11640 - 80 62
11642 - 80 52
11644 - 80 44
11646 - 80 38
11648 - 80 32
11650 - 80 28
11662 - 80 0
11688 - 70 0
11690 - 58 0
11692 - 50 0
11694 - 42 0
11696 - 36 0
11698 - 30 0
11700 - 28 0
11710 -
11714 A
11722 -
11762 - -80 -80
11808 - -80 -76
11810 - -80 -64
11812 - -80 -44
11814 - -80 -30
11816 - -80 -28
11820 - -80 0
11844 - -76 0
11846 - -52 0
11848 - -36 0
11850 - -28 0
11856 -
11860 A
11868 -
11908 - 80 80
11932 - 80 76
11934 - 80 52
11936 - 80 36
11938 - 80 30
11940 - 80 28
11950 - 80 0
11976 - 78 0
11978 - 66 0
11980 - 56 0
11982 - 48 0
11984 - 40 0
11986 - 34 0
11988 - 30 0
11990 - 28 0
12000 -
12004 CD
12012 -
12052 A -80 80
12058 A -80 72
12060 A -80 48
12062 A -80 32
12064 A -80 28
12068 A -80 0
12108 A -76 0
12110 A -52 0
12112 A -36 0
12114 A -28 0
12120 -
12124 CR
12132 -
12172 A 80 80
12180 A 80 66
12182 A 80 44
12184 A 56 30
12186 A 38 28
12188 A 28 28
12190 A 28 0
12194 -
12198 A
12206 -
12246 A -80 -80
12266 A -74 -80
12268 A -50 -80
12270 A -34 -72
12272 A -28 -48
12274 A -28 -32
12276 A -28 -28
12280 A -28 0
12306 -
12310 B
12318 -
12358 A 80 -80
12380 A 80 -60
12382 A 80 -40
12384 A 80 -28
12386 A 68 -28
12388 A 46 -28
12390 A 32 0
12392 A 28 0
12396 -
12400 A
12408 -
12448 - 80 -28
12452 - 80 0
12490 - 74 0
12492 - 50 0
12494 - 34 0
12496 - 28 0
12502 -
12506 CU
12514 -
12554 A -80 -80
12560 A -80 -76
12562 A -80 -52
12564 A -80 -36
12566 A -80 -28
12572 A -80 0
12586 A -78 0
12588 A -54 0
12590 A -36 0
12592 A -28 0
12598 -
12602 A
12610 -
12650 - 80 80
12654 - 62 80
12656 - 42 80
12658 - 28 80
12660 - 28 56
12662 - 28 38
12664 - 0 28
12670 -
12674 A
12682 -
12722 - -80 80
12728 - -80 78
12730 - -80 54
12732 - -80 36
12734 - -80 28
12740 - -80 0
12754 - -60 0
12756 - -40 0
12758 - -28 0
12764 -
12768 A
12776 -
12816 - 80 80
12842 - 80 56
12844 - 80 38
12846 - 80 28
12852 - 80 0
12884 - 76 0
12886 - 52 0
12888 - 36 0
12890 - 28 0
12896 -
12900 A
12908 -
12948 A -80 80
12952 A -80 66
12954 A -80 44
12956 A -80 30
12958 A -80 28
12962 A -80 0
12980 A -72 0
12982 A -48 0
12984 A -32 0
12986 A -28 0
12990 -
12994 A
13002 -
13042 A -80 -80
13050 A -66 -80
13052 A -44 -80
13054 A -30 -80
13056 A -28 -80
13060 A 0 -80
13078 A 0 -58
13080 A 0 -40
13082 A 0 -28
13088 -
13092 CU
13100 -
13140 A 80 80
13146 A 80 78
13148 A 80 54
13150 A 80 46
13152 A 80 40
13154 A 80 34
13156 A 80 30
13158 A 80 28
13168 A 70 0
13170 A 58 0
13172 A 50 0
13174 A 42 0
13176 A 36 0
13178 A 30 0
13180 A 28 0
13190 -
13194 A
13202 -
13242 A -80 -80
13244 A -74 -78
13246 A -62 -66
13248 A -52 -56
13250 A -44 -48
13252 A -38 -40
13254 A -32 -34
13256 A -28 -30
13258 A -28 -28
13268 -
13272 A
13280 -
13320 - -80 -28
13322 - -80 0
13324 - -68 0
13326 - -58 0
13328 - -50 0
13330 - -42 0
13332 - -36 0
13334 - -30 0
13336 - -28 0
13346 -
13350 B
13358 -
13398 A -80 80
13408 A -64 80
13410 A -44 56
13412 A -30 38
13414 A -28 28
13418 A 0 28
13420 -
13424 A
13432 -
13472 A 40 -80
13474 A 28 -80
13480 A 0 -80
13484 A 0 -56
13486 A 0 -38
13488 A 0 -28
13494 -
13498 A
13506 -
13546 A 80 80
13570 A 78 80
13572 A 66 80
13574 A 56 74
13576 A 48 62
13578 A 40 52
13580 A 34 44
13582 A 30 38
13584 A 28 32
13586 A 28 28
13594 A 0 28
13598 -
13602 CL
13610 -
13650 - -80 -80
13670 - -68 -80
13672 - -58 -80
13674 - -50 -80
13676 - -42 -80
13678 - -36 -80
13680 - -30 -80
13682 - -28 -80
13686 - 0 -80
13710 - 0 -74
13712 - 0 -50
13714 - 0 -34
13716 - 0 -28
13722 -
13726 A
13734 -
13774 - 80 80
13780 - 74 80
13782 - 50 80
13784 - 34 80
13786 - 28 80
13792 - 0 80
13832 - 0 72
13834 - 0 60
13836 - 0 50
13838 - 0 42
13840 - 0 36
13842 - 0 30
13844 - 0 28
13854 -
13858 L
13866 -
13906 - 80 -80
13914 - 70 -80
13916 - 58 -80
13918 - 50 -80
13920 - 42 -80
13922 - 36 -80
13924 - 30 -80
13926 - 28 -80
13936 - 0 -80
13966 - 0 -68
13968 - 0 -46
13970 - 0 -32
13972 - 0 -28
13976 -
13980 A
13988 -
14028 - -80 80
14040 - -72 74
14042 - -48 50
14044 - -40 42
14046 - -34 36
14048 - -30 30
14050 - -28 28
14060 -
14064 A
14072 -
14112 A 80 80
14124 A 78 80
14126 A 66 80
14128 A 56 80
14130 A 48 80
14132 A 40 80
14134 A 34 80
14136 A 30 80
14138 A 28 80
14140 A 28 68
14142 A 28 58
14144 A 28 50
14146 A 28 42
14148 A 0 36
14150 A 0 30
14152 A 0 28
14162 -
14166 A
14174 -
14214 A -28 -80
14222 A 0 -80
14224 A 0 -70
14226 A 0 -58
14228 A 0 -50
14230 A 0 -42
14232 A 0 -36
14234 A 0 -30
14236 A 0 -28
14246 -
14250 CD
14258 -
14298 A -80 64
14300 A -74 54
14302 A -62 46
14304 A -52 40
14306 A -44 34
14308 A -38 30
14310 A -32 28
14312 A -28 28
14320 A -28 0
14324 -
14328 A
14336 -
14376 A 70 80
14378 A 58 80
14380 A 50 80
14382 A 42 80
14384 A 36 80
14386 A 30 80
14388 A 28 80
14398 A 0 80
14402 A 0 68
14404 A 0 58
14406 A 0 50
14408 A 0 42
14410 A 0 36
14412 A 0 30
14414 A 0 28
14420 -
14424 R
14432 -
14472 A -80 -80
14504 A -80 -70
14506 A -80 -46
14508 A -80 -32
14510 A -80 -28
14514 A -80 0
14532 A -60 0
14534 A -40 0
14536 A -28 0
14542 -
14546 R
14554 -
14594 A 80 80
14610 A 80 66
14612 A 80 44
14614 A 80 30
14616 A 80 28
14620 A 80 0
14716 A 68 0
14718 A 58 0
14720 A 50 0
14722 A 42 0
14724 A 36 0
14726 A 30 0
14728 A 28 0
14738 -
14742 L
14750 -
14790 - -80 80
14792 - -80 76
14794 - -80 64
14796 - -80 54
14798 - -80 46
14800 - -80 40
14802 - -80 34
14804 - -80 28
14810 - -80 0
14828 - -64 0
14830 - -44 0
14832 - -30 0
14834 - -28 0
14838 -
14842 A
14850 -
14890 A -80 -80
14916 A -72 -80
14918 A -48 -80
14920 A -32 -80
14922 A -28 -80
14926 A 0 -80
14936 A 0 -56
14938 A 0 -38
14940 A 0 -28
14946 -
14950 A
14958 -
14998 A 80 80
15036 A 80 72
15038 A 80 60
15040 A 80 50
15042 A 80 42
15044 A 80 36
15046 A 80 30
15048 A 80 28
15056 A 72 28
15058 A 60 0
15060 A 50 0
15062 A 42 0
15064 A 36 0
15066 A 30 0
15068 A 28 0
15078 -
15082 A
15090 -
15130 A -80 -80
15170 A -62 -62
15172 A -42 -42
15174 A -28 -28
15180 -
15184 A
15192 -
15232 - 80 80
15242 - 60 80
15244 - 40 80
15246 - 28 80
15258 - 0 80
15262 - 0 76
15264 - 0 64
15266 - 0 54
15268 - 0 46
15270 - 0 40
15272 - 0 34
15274 - 0 30
15276 - 0 28
15286 -
15290 A
15298 -
15338 - -80 80
15358 - -80 62
15360 - -80 42
15362 - -80 28
15368 - -80 0
15374 - -66 0
15376 - -44 0
15378 - -30 0
15380 - -28 0
15384 -
15388 A
15396 -
15436 A 80 50
15438 A 80 34
15440 A 80 28
15446 A 80 0
15452 A 66 0
15454 A 44 0
15456 A 30 0
15458 A 28 0
15462 -
15466 A
15474 -
15514 - -80 -80
15526 - -80 -68
15528 - -80 -46
15530 - -80 -32
15532 - -80 -28
15534 - -74 -28
15536 - -50 0
15538 - -34 0
15540 - -28 0
15546 -
15550 A
15558 -
15598 - 80 80
15602 - 80 60
15604 - 80 40
15606 - 80 28
15612 - 80 0
15650 - 78 0
15652 - 66 0
15654 - 56 0
15656 - 48 0
15658 - 40 0
15660 - 34 0
15662 - 30 0
15664 - 28 0
15674 -
15678 A
15686 -
15726 - 80 -80
15742 - 72 -80
15744 - 60 -80
15746 - 50 -80
15748 - 42 -80
15750 - 36 -80
15752 - 30 -80
15754 - 28 -80
15758 - 28 -72
15760 - 28 -60
15762 - 28 -50
15764 - 0 -42
15766 - 0 -36
15768 - 0 -30
15770 - 0 -28
15780 -
15784 A
15792 -
15832 - -80 -80
15838 - -80 -72
15840 - -80 -60
15842 - -80 -50
15844 - -80 -42
15846 - -80 -36
15848 - -80 -30
15850 - -80 -28
15860 - -80 0
15924 - -60 0
15926 - -40 0
15928 - -28 0
15934 -
15938 A
15946 -
15986 - 80 80
15996 - 80 66
15998 - 80 44
16000 - 80 30
16002 - 80 28
16006 - 80 0
16078 - 70 0
16080 - 58 0
16082 - 50 0
16084 - 42 0
16086 - 36 0
16088 - 30 0
16090 - 28 0
16100 -
16104 A
16112 -
16152 - -80 28
16160 - -80 0
16168 - -70 0
16170 - -58 0
16172 - -50 0
16174 - -42 0
16176 - -36 0
16178 - -30 0
16180 - -28 0
16190 -
16194 A
16202 -
16242 - -80 -64
16244 - -80 -54
16246 - -80 -46
16248 - -80 -40
16250 - -80 -34
16252 - -80 -30
16254 - -80 -28
16264 - -80 0
16312 - -64 0
16314 - -44 0
16316 - -30 0
16318 - -28 0
16322 -
16326 A
16334 -
16374 A 80 80
16392 A 80 62
16394 A 80 42
16396 A 80 28
16402 A 80 0
16436 A 56 0
16438 A 38 0
16440 A 28 0
16446 -
16450 A
16458 -
16498 A -80 -76
16500 A -80 -52
16502 A -80 -36
16504 A -80 -28
16510 A -80 0
16576 A -68 0
16578 A -46 0
16580 A -32 0
16582 A -28 0
16586 -
16590 A
16598 -
16638 A 80 80
16652 A 80 66
16654 A 80 44
16656 A 80 30
16658 A 80 28
16660 A 66 28
16662 A 44 0
16664 A 30 0
16666 A 28 0
16670 -
16674 A
16682 -
16722 - -80 -80
16730 - -66 -80
16732 - -44 -80
16734 - -30 -80
16736 - -28 -80
16740 - 0 -80
16742 - 0 -76
16744 - 0 -52
16746 - 0 -36
16748 - 0 -28
16754 -
16758 A
16766 -
16806 A -80 -80
16808 A -68 -80
16810 A -46 -80
16812 A -32 -70
16814 A -28 -46
16816 A -28 -32
16818 A 0 -28
16822 -
16826 A
16834 -
16874 A 80 80
16906 A 80 66
16908 A 80 44
16910 A 80 30
16912 A 80 28
16916 A 80 0
16954 A 78 0
16956 A 54 0
16958 A 36 0
16960 A 28 0
16966 -
16970 A
16978 -
17018 A -80 -28
17020 A -80 0
17098 A -62 0
17100 A -42 0
17102 A -28 0
17108 -
17112 L
17120 -
17160 A 80 -80
17172 A 80 -58
17174 A 80 -40
17176 A 80 -28
17182 A 80 0
17268 A 68 0
17270 A 58 0
17272 A 50 0
17274 A 42 0
17276 A 36 0
17278 A 30 0
17280 A 28 0
17290 -
17294 A
17302 -
17342 A -80 -80
17382 A -80 -72
17384 A -80 -60
17386 A -80 -50
17388 A -80 -42
17390 A -80 -36
17392 A -80 -30
17394 A -80 -28
17404 A -80 0
17446 A -64 0
17448 A -44 0
17450 A -30 0
17452 A -28 0
17456 -
17460 A
17468 -
17508 A 80 -80
17516 A 64 -80
17518 A 44 -80
17520 A 30 -80
17522 A 28 -80
17524 A 28 -78
17526 A 0 -54
17528 A 0 -36
17530 A 0 -28
17536 -
17540 A
17548 -
17588 - 80 80
17616 - 72 80
17618 - 60 80
17620 - 50 80
17622 - 42 80
17624 - 36 80
17626 - 30 80
17628 - 28 80
17636 - 28 76
17638 - 0 64
17640 - 0 54
17642 - 0 46
17644 - 0 40
17646 - 0 34
17648 - 0 30
17650 - 0 28
17660 -
17664 CD
17672 -
17712 - 80 80
17742 - 80 60
17744 - 60 40
17746 - 40 28
17748 - 28 28
17752 - 28 0
17754 -
17758 A
17766 -
17806 A -80 -66
17808 A -80 -44
17810 A -80 -30
17812 A -80 -28
17816 A -80 0
17852 A -60 0
17854 A -40 0
17856 A -28 0
17862 -
17866 A
17874 -
17914 A 80 28
17920 A 80 0
17946 A 64 0
17948 A 44 0
17950 A 30 0
17952 A 28 0
17956 -
17960 A
17968 -
18008 A -80 -80
18034 A -74 -80
18036 A -62 -80
18038 A -52 -80
18040 A -44 -80
18042 A -38 -80
18044 A -32 -80
18046 A -28 -80
18058 A 0 -80
18092 A 0 -58
18094 A 0 -40
18096 A 0 -28
18102 -
18106 A
18114 -
18154 - -60 80
18180 -
18184 A
18192 -
18232 A -44 80
18236 A -30 80
18238 A -28 80
18242 A 0 80
18278 A 0 64
18280 A 0 44
18282 A 0 30
18284 A 0 28
18288 -
18292 A
18300 -
18340 A 80 -80
18400 A 80 -76
18402 A 80 -64
18404 A 80 -44
18406 A 80 -30
18408 A 80 -28
18410 A 64 -28
18412 A 44 0
18414 A 30 0
18416 A 28 0
18420 -
18424 A
18432 -
18472 A -80 80
18530 A -80 70
18532 A -80 58
18534 A -80 50
18536 A -80 42
18538 A -80 36
18540 A -80 30
18542 A -80 28
18552 A -80 0
18564 A -68 0
18566 A -46 0
18568 A -32 0
18570 A -28 0
18574 -
18578 A
18586 -
18626 A -80 -80
18632 A -64 -80
18634 A -44 -80
18636 A -30 -80
18638 A -28 -80
18642 A 0 -80
18656 A 0 -58
18658 A 0 -40
18660 A 0 -28
18666 -
18670 A
18678 -
18718 A 80 80
18720 A 80 60
18722 A 80 40
18724 A 80 28
18730 A 80 0
18794 A 74 0
18796 A 62 0
18798 A 52 0
18800 A 44 0
18802 A 38 0
18804 A 32 0
18806 A 28 0
18818 -
18822 CL
18830 -
18870 A -80 -56
18872 A -80 -48
18874 A -80 -40
18876 A -80 -34
18878 A -80 -30
18880 A -80 -28
18890 A -80 0
18928 A -78 0
18930 A -54 0
18932 A -36 0
18934 A -28 0
18940 -
18944 A
18952 -
18992 - -74 80
18994 - -50 80
18996 - -34 80
18998 - -28 80
19004 - 0 80
19026 - 0 60
19028 - 0 40
19030 - 0 28
19036 -
19040 A
19048 -
19088 - 80 -80
19096 - 64 -80
19098 - 44 -80
19100 - 30 -80
19102 - 28 -80
19106 - 0 -80
19136 - 0 -58
19138 - 0 -40
19140 - 0 -28
19146 -
19150 B
19158 -
19198 A 80 80
19210 A 76 80
19212 A 52 80
19214 A 36 80
19216 A 28 80
19222 A 0 80
19260 A 0 72
19262 A 0 60
19264 A 0 50
19266 A 0 42
19268 A 0 36
19270 A 0 30
19272 A 0 28
19282 -
19286 A
19294 -
19334 - -28 -80
19342 - 0 -80
19356 - 0 -72
19358 - 0 -48
19360 - 0 -32
19362 - 0 -28
19366 -
19370 A
19378 -
19418 - 80 -80
19432 - 80 -74
19434 - 80 -50
19436 - 80 -34
19438 - 80 -28
19442 - 62 -28
19444 - 42 0
19446 - 28 0
19452 -
19456 A
19464 -
19504 - -80 32
19506 - -80 28
19510 - -80 0
19548 - -70 0
19550 - -46 0
19552 - -32 0
19554 - -28 0
19558 -
19562 A
19570 -
19610 A -80 80
19622 A -78 80
19624 A -54 80
19626 A -36 80
19628 A -28 80
19634 A 0 80
19640 A 0 78
19642 A 0 54
19644 A 0 36
19646 A 0 28
19652 -
19656 A
19664 -
19704 - 80 -80
19730 - 80 -76
19732 - 80 -52
19734 - 80 -36
19736 - 80 -28
19742 - 80 0
19762 - 74 0
19764 - 50 0
19766 - 34 0
19768 - 28 0
19774 -
19778 CL
19786 -
19826 A 80 -80
19828 A 62 -80
19830 A 42 -80
19832 A 28 -80
19836 A 28 -64
19838 A 0 -44
19840 A 0 -30
19842 A 0 -28
19846 -
19850 A
19858 -
19898 - 40 80
19924 -
19928 A
19936 -
19976 A -80 80
20004 -
20008 A
20016 -
20056 A -80 -28
20058 A -80 0
20088 A -76 0
20090 A -52 0
20092 A -36 0
20094 A -28 0
20100 -
20104 A
20112 -
20152 A 80 80
20166 A 72 80
20168 A 48 80
20170 A 40 80
20172 A 34 80
20174 A 30 80
20176 A 28 80
20186 A 0 80
20236 A 0 74
20238 A 0 50
20240 A 0 34
20242 A 0 28
20248 -
20252 A
20260 -
20300 - 80 -80
20308 - 80 -58
20310 - 80 -40
20312 - 80 -28
20322 - 80 0
20330 - 74 0
20332 - 62 0
20334 - 52 0
20336 - 44 0
20338 - 38 0
20340 - 32 0
20342 - 28 0
20354 -
20358 A
20366 -
20406 - 80 80
20410 - 80 68
20412 - 80 46
20414 - 80 32
20416 - 80 28
20420 - 76 0
20422 - 52 0
20424 - 36 0
20426 - 28 0
20456 -
20460 A
20468 -
20508 - -80 -80
20558 - -80 -76
20560 - -80 -64
20562 - -80 -54
20564 - -80 -46
20566 - -80 -40
20568 - -80 -34
20570 - -80 -30
20572 - -80 -28
20582 - -80 0
20606 - -62 0
20608 - -42 0
20610 - -28 0
20616 -
20620 A
20628 -
20668 - -80 -80
20684 - -80 -72
20686 - -80 -48
20688 - -80 -32
20690 - -80 -28
20694 - -80 0
20696 - -68 0
20698 - -46 0
20700 - -32 0
20702 - -28 0
20706 -
20710 A
20718 -
20758 A 80 80
20804 A 58 80
20806 A 40 80
20808 A 34 80
20810 A 30 80
20812 A 28 80
20818 A 0 80
20820 A 0 58
20822 A 0 40
20824 A 0 28
20830 -
20834 A
20842 -
20882 A 68 -80
20884 A 46 -80
20886 A 32 -80
20888 A 28 -80
20892 A 0 -80
20974 A 0 -72
20976 A 0 -48
20978 A 0 -32
20980 A 0 -28
20984 -
20988 A
20996 -
21036 - -80 80
21062 -
21066 A
21074 -
21114 - -80 80
21140 -
21144 A
21152 -
21192 - -80 80
21202 - -80 68
21204 - -80 46
21206 - -80 32
21208 - -80 28
21212 - -80 0
21234 - -60 0
21236 - -40 0
21238 - -28 0
21244 -
21248 CU
21256 -
21296 - 80 80
21304 - 80 60
21306 - 80 40
21308 - 80 28
21314 - 80 0
21392 - 74 0
21394 - 62 0
21396 - 52 0
21398 - 44 0
21400 - 38 0
21402 - 32 0
21404 - 28 0
21416 -
21420 CD
21428 -
21468 - 80 80
21480 - 74 80
21482 - 62 80
21484 - 52 80
21486 - 36 64
21488 - 28 44
21490 - 28 30
21492 - 28 28
21494 - 0 28
21496 -
21500 CL
21508 -
21548 - -80 -80
21586 - -80 -70
21588 - -80 -58
21590 - -80 -50
21592 - -80 -42
21594 - -80 -36
21596 - -80 -30
21598 - -80 -28
21602 - -80 0
21624 - -74 0
21626 - -50 0
21628 - -34 0
21630 - -28 0
21636 -
21640 R
21648 -
21688 A 80 80
21700 A 80 68
21702 A 80 46
21704 A 80 40
21706 A 80 34
21708 A 80 30
21710 A 80 28
21720 A 80 0
21770 A 70 0
21772 A 58 0
21774 A 50 0
21776 A 42 0
21778 A 36 0
21780 A 30 0
21782 A 28 0
21792 -
21796 A
21804 -
21844 - -80 80
21858 - -80 72
21860 - -80 60
21862 - -80 50
21864 - -80 42
21866 - -80 36
21868 - -80 30
21870 - -80 28
21880 - -80 0
21958 - -64 0
21960 - -44 0
21962 - -30 0
21964 - -28 0
21968 -
21972 A
21980 -
22020 A 80 -80
22062 A 80 -68
22064 A 80 -46
22066 A 80 -32
22068 A 80 -28
22070 A 70 -28
22072 A 46 0
22074 A 32 0
22076 A 28 0
22080 -
22084 R
22092 -
22132 - 28 80
22134 - 0 80
22156 - 0 64
22158 - 0 54
22160 - 0 46
22162 - 0 40
22164 - 0 34
22166 - 0 30
22168 - 0 28
22178 -
22182 A
22190 -
22230 A -80 80
22262 A -80 72
22264 A -80 60
22266 A -80 50
22268 A -80 42
22270 A -70 36
22272 A -58 30
22274 A -50 28
22276 A -42 28
22278 A -36 28
22280 A -30 28
22282 A -28 0
22286 -
22290 A
22298 -
22338 - -80 -80
22358 - -72 -80
22360 - -48 -80
22362 - -32 -80
22364 - -28 -70
22366 - -28 -46
22368 - 0 -32
22370 - 0 -28
22374 -
22378 A
22386 -
22426 - -80 80
22428 - -56 80
22430 - -38 80
22432 - -28 80
22438 - 0 70
22440 - 0 46
22442 - 0 32
22444 - 0 28
22448 -
22452 A
22460 -
22500 A 80 80
22504 A 80 76
22506 A 80 52
22508 A 80 36
22510 A 80 28
22516 A 80 0
22610 A 78 0
22612 A 66 0
22614 A 56 0
22616 A 48 0
22618 A 40 0
22620 A 34 0
22622 A 30 0
22624 A 28 0
22634 -
22638 A
22646 -
22686 A 28 -80
22692 A 0 -80
22748 A 0 -66
22750 A 0 -44
22752 A 0 -30
22754 A 0 -28
22758 -
22762 A
22770 -
22810 - -80 44
22836 -
22840 A
22848 -
22888 A -80 80
22916 -
22920 A
22928 -
22968 A -80 80
22996 -
23000 A
23008 -
23048 A -80 80
23050 A -80 64
23052 A -80 44
23054 A -80 30
23056 A -80 28
23060 A -80 0
23102 A -68 0
23104 A -46 0
23106 A -32 0
23108 A -28 0
23112 -
23116 CU
23124 -
23164 - -28 80
23170 - 0 80
23176 - 0 66
23178 - 0 44
23180 - 0 30
23182 - 0 28
23186 -
23190 A
23198 -
23238 A 80 -80
23252 A 80 -58
23254 A 80 -40
23256 A 80 -28
23262 A 80 0
23296 A 72 0
23298 A 48 0
23300 A 32 0
23302 A 28 0
23306 -
23310 A
23318 -
23358 - 80 80
23360 - 74 80
23362 - 50 80
23364 - 34 80
23366 - 28 80
23372 - 0 80
23378 - 0 70
23380 - 0 46
23382 - 0 32
23384 - 0 28
23388 -
23392 A
23400 -
23440 A -80 -80
23468 A -80 -60
23470 A -80 -40
23472 A -80 -28
23478 A -80 0
23524 A -64 0
23526 A -44 0
23528 A -30 0
23530 A -28 0
23534 -
23538 A
23546 -
23586 - 80 80
23600 - 80 76
23602 - 80 52
23604 - 80 36
23606 - 80 28
23612 - 80 0
23626 - 78 0
23628 - 66 0
23630 - 56 0
23632 - 48 0
23634 - 40 0
23636 - 34 0
23638 - 30 0
23640 - 28 0
23650 -
23654 CR
23662 -
23702 - 80 80
23704 - 80 72
23706 - 80 60
23708 - 80 50
23710 - 80 42
23712 - 80 36
23714 - 80 30
23716 - 80 28
23726 - 80 0
23734 - 72 0
23736 - 60 0
23738 - 50 0
23740 - 42 0
23742 - 36 0
23744 - 30 0
23746 - 28 0
23756 -
23760 Z
23768 -
23808 A -80 -54
23810 A -80 -46
23812 A -80 -40
23814 A -80 -34
23816 A -80 -30
23818 A -80 -28
23828 A -80 0
23908 A -78 0
23910 A -54 0
23912 A -36 0
23914 A -28 0
23920 -
23924 A
23932 -
23972 - 80 -80
23996 - 80 -58
23998 - 80 -40
24000 - 80 -28
24006 - 80 0
24018 - 72 0
24020 - 48 0
24022 - 32 0
24024 - 28 0
24028 -
24032 A
24040 -
24080 A -80 0
24124 A -78 0
24126 A -54 0
24128 A -36 0
24130 A -28 0
24136 -
24140 A
24148 -
24188 A 80 80
24202 A 80 78
24204 A 80 54
24206 A 80 36
24208 A 80 28
24214 A 80 0
24266 A 68 0
24268 A 58 0
24270 A 50 0
24272 A 42 0
24274 A 36 0
24276 A 30 0
24278 A 28 0
24288 -
24292 CD
24300 -
24340 - -80 80
24386 - -80 58
24388 - -80 40
24390 - -80 28
24396 - -80 0
24416 - -60 0
24418 - -40 0
24420 - -28 0
24426 -
24430 L
24438 -
24478 A 80 -80
24496 A 58 -64
24498 A 40 -44
24500 A 28 -30
24502 A 28 -28
24506 -
24510 CL
24518 -
24558 - 80 -80
24602 - 80 -78
24604 - 80 -54
24606 - 80 -36
24608 - 80 -28
24614 - 80 0
24626 - 68 0
24628 - 46 0
24630 - 32 0
24632 - 28 0
24636 -
24640 A
24648 -
24688 A -80 80
24732 A -80 78
24734 A -80 66
24736 A -80 56
24738 A -80 48
24740 A -80 40
24742 A -80 34
24744 A -80 30
24746 A -80 28
24756 A -80 0
24800 A -64 0
24802 A -44 0
24804 A -30 0
24806 A -28 0
24810 -
24814 A
24822 -
24862 A 0 80
24866 A 0 78
24868 A 0 54
24870 A 0 36
24872 A 0 28
24878 -
24882 A
24890 -
24930 A -80 -80
24934 A -72 -80
24936 A -48 -80
24938 A -32 -80
24940 A -28 -80
24944 A 0 -80
24962 A 0 -76
24964 A 0 -52
24966 A 0 -36
24968 A 0 -28
24974 -
24978 A
24986 -
25026 - 80 80
25030 - 80 66
25032 - 80 44
25034 - 80 30
25036 - 80 28
25040 - 80 0
25066 - 76 0
25068 - 52 0
25070 - 36 0
25072 - 28 0
25078 -
25082 A
25090 -
25130 - 80 58
25132 - 80 50
25134 - 80 42
25136 - 80 36
25138 - 80 30
25140 - 80 28
25150 - 80 0
25196 - 76 0
25198 - 64 0
25200 - 54 0
25202 - 46 0
25204 - 40 0
25206 - 34 0
25208 - 30 0
25210 - 28 0
25220 -
25224 A
25232 -
25272 A -80 80
25324 A -80 76
25326 A -80 64
25328 A -80 54
25330 A -80 46
25332 A -80 40
25334 A -80 28
25340 A -80 0
25362 A -74 0
25364 A -50 0
25366 A -34 0
25368 A -28 0
25374 -
25378 A
25386 -
25426 - 80 80
25430 - 80 60
25432 - 80 40
25434 - 80 28
25440 - 80 0
25462 - 72 0
25464 - 48 0
25466 - 32 0
25468 - 28 0
25472 -
25476 A
25484 -
25524 A 80 -80
25550 A 72 -80
25552 A 60 -80
25554 A 50 -80
25556 A 42 -80
25558 A 36 -80
25560 A 30 -80
25562 A 28 -80
25572 A 0 -80
25618 A 0 -58
25620 A 0 -40
25622 A 0 -28
25628 -
25632 A
25640 -
25680 A -80 80
25708 -
25712 L
25720 -
27464 START
27472 -
27510 - -80 0
27518 -
27542 - -80 0
27550 -
27634 - -80 0
27642 -
27666 - -80 0
27674 -
27758 - -80 0
27766 -
27802 A
27810 -
27928 A
27936 -
28122 A -80 80
28128 A -70 80
28130 A -46 80
28132 A -32 80
28134 A -28 80
28138 A 0 80
28156 A 0 66
28158 A 0 44
28160 A 0 30
28162 A 0 28
28166 -
28170 A
28178 -
28218 A 0 -80
28264 A 0 -74
28266 A 0 -50
28268 A 0 -34
28270 A 0 -28
28276 -
28280 A
28288 -
28328 A 80 80
28336 A 80 76
28338 A 80 52
28340 A 80 36
28342 A 80 28
28348 A 80 0
28392 A 72 0
28394 A 60 0
28396 A 50 0
28398 A 42 0
28400 A 36 0
28402 A 30 0
28404 A 28 0
28414 -
28418 A
28426 -
28466 A -80 -80
28498 A -80 -60
28500 A -72 -40
28502 A -48 -28
28504 A -32 -28
28506 A -28 -28
28508 A -28 0
28510 -
28514 Z
28522 -
28562 - 80 80
28570 - 80 56
28572 - 80 38
28574 - 80 28
28578 - 60 28
28580 - 40 0
28582 - 28 0
28588 -
28592 A
28600 -
28640 A -80 78
28642 A -80 54
28644 A -80 36
28646 A -80 30
28648 A -80 28
28658 A -80 0
28712 A -72 0
28714 A -48 0
28716 A -32 0
28718 A -28 0
28722 -
28726 A
28734 -
28774 A 80 80
28794 A 80 74
28796 A 80 50
28798 A 80 34
28800 A 80 28
28806 A 80 0
28810 A 68 0
28812 A 46 0
28814 A 32 0
28816 A 28 0
28820 -
28824 A
28832 -
28872 A 80 -80
28922 A 80 -68
28924 A 80 -46
28926 A 80 -32
28928 A 80 -28
28932 A 76 0
28934 A 52 0
28936 A 36 0
28938 A 28 0
28944 -
28948 A
28956 -
28996 A 70 80
28998 A 46 56
29000 A 32 38
29002 A 28 28
29006 A 0 28
29008 -
29012 A
29020 -
29060 A -80 80
29066 A -80 72
29068 A -80 60
29070 A -80 50
29072 A -80 42
29074 A -80 36
29076 A -80 30
29078 A -80 28
29088 A -80 0
29110 A -68 0
29112 A -58 0
29114 A -50 0
29116 A -42 0
29118 A -36 0
29120 A -30 0
29122 A -28 0
29132 -
29136 A
29144 -
29184 - -80 -80
29210 - -64 -80
29212 - -44 -80
29214 - -30 -80
29216 - -28 -78
29218 - -28 -54
29220 - 0 -36
29222 - 0 -28
29228 -
29232 A
29240 -
29280 A 80 80
29298 A 70 80
29300 A 58 80
29302 A 50 80
29304 A 42 80
29306 A 36 80
29308 A 30 80
29310 A 28 80
29320 A 0 80
29354 A 0 70
29356 A 0 46
29358 A 0 32
29360 A 0 28
29364 -
29368 A
29376 -
29416 A 80 -80
29440 A 76 -80
29442 A 64 -80
29444 A 54 -80
29446 A 46 -80
29448 A 40 -80
29450 A 34 -76
29452 A 30 -64
29454 A 28 -54
29456 A 28 -46
29458 A 28 -40
29460 A 28 -34
29462 A 28 -30
29464 A 0 -28
29474 -
29478 A
29486 -
29526 - -80 0
29558 - -70 0
29560 - -58 0
29562 - -50 0
29564 - -42 0
29566 - -36 0
29568 - -30 0
29570 - -28 0
29580 -
29584 L
29592 -
29632 A 80 80
29636 A 80 78
29638 A 80 66
29640 A 80 56
29642 A 80 48
29644 A 80 40
29646 A 80 34
29648 A 80 30
29650 A 80 28
29660 A 80 0
29676 A 72 0
29678 A 60 0
29680 A 50 0
29682 A 42 0
29684 A 28 0
29690 -
29694 A
29702 -
29742 A -80 -56
29744 A -80 -38
29746 A -80 -32
29748 A -80 -28
29760 A -80 0
29844 A -72 0
29846 A -48 0
29848 A -32 0
29850 A -28 0
29854 -
29858 A
29866 -
29906 A -28 0
29908 -
29912 A
29920 -
29960 - 80 80
29964 - 80 60
29966 - 80 40
29968 - 80 28
29974 - 80 0
30006 - 78 0
30008 - 66 0
30010 - 56 0
30012 - 48 0
30014 - 40 0
30016 - 34 0
30018 - 30 0
30020 - 28 0
30030 -
30034 CR
30042 -
30082 A -80 -80
30102 A -68 -80
30104 A -58 -80
30106 A -50 -80
30108 A -42 -80
30110 A -36 -80
30112 A -30 -80
30114 A -28 -80
30124 A 0 -80
30128 A 0 -72
30130 A 0 -48
30132 A 0 -32
30134 A 0 -28
30138 -
30142 A
30150 -
30190 A -80 80
30202 A -80 68
30204 A -58 46
30206 A -40 32
30208 A -28 28
30212 A -28 0
30214 -
30218 A
30226 -
30266 - 80 80
30272 - 80 68
30274 - 80 46
30276 - 80 32
30278 - 80 28
30286 - 80 0
30292 - 76 0
30294 - 64 0
30296 - 54 0
30298 - 46 0
30300 - 40 0
30302 - 34 0
30304 - 30 0
30306 - 28 0
30316 -
30320 A
30328 -
30368 - -80 -80
30406 - -72 -80
30408 - -48 -80
30410 - -32 -68
30412 - -28 -46
30414 - -28 -32
30416 - 0 -28
30420 -
30424 A
30432 -
30472 - -80 80
30484 - -62 76
30486 - -42 52
30488 - -28 36
30490 - -28 28
30494 - 0 28
30496 -
30500 A
30508 -
30548 - 80 80
30550 - 80 60
30552 - 80 40
30554 - 80 28
30560 - 80 0
30568 - 74 0
30570 - 50 0
30572 - 34 0
30574 - 28 0
30580 -
30584 A
30592 -
30632 A 80 80
30646 A 78 80
30648 A 66 80
30650 A 56 80
30652 A 48 80
30654 A 40 80
30656 A 34 80
30658 A 30 80
30660 A 28 80
30666 A 0 80
30672 A 0 68
30674 A 0 46
30676 A 0 32
30678 A 0 28
30682 -
30686 A
30694 -
30734 A -80 28
30740 A -80 0
30778 A -70 0
30780 A -46 0
30782 A -32 0
30784 A -28 0
30788 -
30792 A
30800 -
30840 - -80 -80
30842 - -76 -80
30844 - -52 -80
30846 - -36 -80
30848 - -28 -80
30854 - 0 -80
30874 - 0 -72
30876 - 0 -48
30878 - 0 -32
30880 - 0 -28
30884 -
30888 A
30896 -
30936 - 80 -80
30954 - 80 -56
30956 - 80 -38
30958 - 80 -28
30964 - 80 0
30968 - 58 0
30970 - 40 0
30972 - 28 0
30978 -
30982 A
30990 -
31030 - 80 -42
31032 - 80 -28
31038 - 72 0
31040 - 48 0
31042 - 32 0
31044 - 28 0
31048 -
31052 A
31060 -
31100 - 80 80
31120 - 80 78
31122 - 80 66
31124 - 80 56
31126 - 80 48
31128 - 80 40
31130 - 80 34
31132 - 68 30
31134 - 58 28
31136 - 50 28
31138 - 42 28
31140 - 36 28
31142 - 30 28
31144 - 28 0
31154 -
31158 A
31166 -
31206 A -80 -80
31212 A -80 -68
31214 A -80 -58
31216 A -80 -50
31218 A -80 -42
31220 A -80 -36
31222 A -80 -30
31224 A -80 -28
31230 A -80 0
31256 A -60 0
31258 A -40 0
31260 A -28 0
31266 -
31270 A
31278 -
31318 A 80 -80
31332 A 80 -68
31334 A 80 -46
31336 A 80 -32
31338 A 80 -28
31340 A 56 -28
31342 A 38 0
31344 A 28 0
31350 -
31354 A
31362 -
31402 - -80 80
31422 - -58 80
31424 - -40 80
31426 - -28 80
31432 - 0 80
31446 - 0 72
31448 - 0 48
31450 - 0 32
31452 - 0 28
31456 -
31460 A
31468 -
31508 A 80 -80
31510 A 56 -80
31512 A 38 -80
31514 A 28 -80
31520 A 0 -80
31534 A 0 -68
31536 A 0 -46
31538 A 0 -32
31540 A 0 -28
31544 -
31548 Z
31556 -
