# Time attack: Jungle, car 11, driven on the racing line.
#
# Written by tools/tgrally/n64drive.py (plan 'ta_jungle_car11'); the driver saw:
#   TOP GEAR RALLY: row 2
#   TRACK SELECT: row 2
#   P1 car 1
#   cheats: cars car9 car10 car11 car12 car15 tracks mirrors
#   TOP GEAR RALLY: row 2
#   TRACK SELECT: row 4
#   P1 car 11 handling=Type 3 transmission=Automatic tires=Normal suspension=Softer
#   race 2400 frames; P1 drove 0.22 laps
frames 5899
0 -
80 A
88 -
294 START
302 -
502 - 80 0
510 -
534 - 80 0
542 -
626 - 80 0
634 -
670 A
678 -
728 A
736 -
834 START
858 -
872 A
896 -
910 A
934 -
948 A
972 -
986 A
1010 -
1024 A
1058 -
1106 A
1114 -
1122 DL
1130 -
1138 DL
1146 -
1154 CD
1162 -
1170 A
1178 -
1186 DR
1194 -
1202 Z
1210 -
1226 DU
1234 -
1242 DU
1250 -
1258 Z
1266 -
1274 B
1282 -
1290 A
1298 -
1306 DL
1314 -
1322 DL
1330 -
1346 DD
1354 -
1362 A
1370 -
1378 DR
1386 -
1394 Z
1402 -
1410 DR
1418 -
1426 DU
1434 -
1442 CD
1450 -
1466 CD
1474 -
1482 DU
1490 -
1498 B
1506 -
1514 DR
1522 -
1530 A
1538 -
1546 CD
1554 -
1562 A
1570 -
1578 DR
1586 -
1602 B
1610 -
1618 B
1626 -
1634 A
1642 -
1650 DL
1658 -
1666 DL
1674 -
1682 CD
1690 -
1698 A
1706 -
1714 DR
1722 -
1738 DR
1746 -
1754 DU
1762 -
1770 DL
1778 -
1786 CD
1794 -
1802 CD
1810 -
1818 A
1826 -
1834 DR
1842 -
1850 Z
1858 -
1874 A
1882 -
1890 DL
1898 -
1906 DL
1914 -
1922 DR
1930 -
1938 DD
1946 -
1954 Z
1962 -
1978 DR
1986 -
1994 DU
2002 -
2010 DL
2018 -
2026 CD
2034 -
2042 DR
2050 -
2058 DD
2066 -
2074 Z
2082 -
2090 START
2098 -
2158 DU
2166 -
2206 START
2214 -
2262 A
2270 -
2308 - 80 0
2316 -
2340 - 80 0
2348 -
2432 - 80 0
2440 -
2476 A
2484 -
2582 - 80 0
2606 -
2624 - 80 0
2648 -
2666 - 80 0
2690 -
2708 - 80 0
2732 -
2750 - 80 0
2774 -
2792 - 80 0
2816 -
2834 - 80 0
2858 -
2876 - 80 0
2900 -
2918 - 80 0
2942 -
2960 - 80 0
2984 -
3002 A
3026 -
3040 - 80 0
3064 -
3082 - 80 0
3106 -
3124 A
3148 -
3162 A
3186 -
3200 - 80 0
3224 -
3242 - 80 0
3266 -
3284 A
3308 -
3322 - 80 0
3346 -
3364 - 80 0
3388 -
3406 A
3430 -
3444 A
3478 -
3498 A
3890 A -2 0
3896 A -3 0
3900 A -5 0
3906 A -6 0
3908 A -7 0
3920 A -6 0
3924 A -5 0
3930 A -4 0
3932 A -3 0
3934 A -2 0
3936 A -1 0
3938 A
3942 A 2 0
3944 A 3 0
3946 A 5 0
3948 A 6 0
3950 A 8 0
3952 A 10 0
3954 A 11 0
3956 A 13 0
3958 A 15 0
3960 A 17 0
3962 A 18 0
3964 A 20 0
3966 A 22 0
3968 A 23 0
3970 A 24 0
3972 A 26 0
3976 A 27 0
3980 A 26 0
3982 A 25 0
3984 A 24 0
3986 A 21 0
3988 A 19 0
3990 A 17 0
3992 - 13 0
3994 A 11 0
3996 - 8 0
3998 - 5 0
4000 - 3 0
4002 - 1 0
4004 - -1 0
4006 - -3 0
4008 - -15 0
4010 - -17 0
4012 - -18 0
4014 - -29 0
4016 - -30 0
4018 - -31 0
4020 - -40 0
4022 - -41 0
4026 - -47 0
4028 - -45 0
4030 - -44 0
4032 - -46 0
4034 - -44 0
4036 - -41 0
4040 - -38 0
4042 A -35 0
4044 A -32 0
4046 A -29 0
4048 A -26 0
4050 - -22 0
4052 A -18 0
4054 A -15 0
4056 - -10 0
4058 - -7 0
4060 - -5 0
4062 A
4064 A 2 0
4066 A 4 0
4068 A 5 0
4070 A 11 0
4072 A 12 0
4074 A 13 0
4076 A 18 0
4078 A 19 0
4080 A 20 0
4082 A 25 0
4086 A 24 0
4088 A 16 0
4090 A 15 0
4092 A 14 0
4094 A 7 0
4096 A 5 0
4098 A 4 0
4100 A -1 0
4102 A -3 0
4104 A -4 0
4106 A -9 0
4108 A -10 0
4110 A -12 0
4112 A -15 0
4114 A -16 0
4116 A -18 0
4118 A -19 0
4120 A -20 0
4122 A -21 0
4124 A -20 0
4126 A -21 0
4128 A -19 0
4134 A -17 0
4136 A -16 0
4138 A -15 0
4140 A -20 0
4144 A -19 0
4146 A -22 0
4150 A -24 0
4152 A -23 0
4154 A -22 0
4158 A -21 0
4160 A -20 0
4162 A -19 0
4164 A -18 0
4166 A -15 0
4168 A -14 0
4170 A -13 0
4172 A -10 0
4174 A -9 0
4176 A -8 0
4178 A -4 0
4180 A -3 0
4184 A
4188 A 4 0
4190 A 5 0
4194 A 9 0
4198 A 14 0
4202 A 13 0
4204 A 17 0
4208 A 20 0
4210 A 19 0
4212 A 22 0
4214 A 21 0
4216 A 20 0
4218 A 21 0
4220 A 20 0
4222 A 18 0
4224 A 16 0
4226 A 14 0
4228 A 12 0
4230 A 10 0
4232 A 8 0
4234 A 6 0
4236 A 5 0
4238 A 4 0
4240 A 3 0
4242 A 1 0
4244 A
4248 A -2 0
4250 A -4 0
4252 A -5 0
4254 A -7 0
4256 A -8 0
4258 A -10 0
4260 A -11 0
4262 A -13 0
4264 A -14 0
4266 A -15 0
4268 A -16 0
4270 A -17 0
4274 A -18 0
4278 A -19 0
4280 A -18 0
4282 A -17 0
4284 A -16 0
4286 A -14 0
4288 A -12 0
4290 A -10 0
4292 A -8 0
4294 A -5 0
4296 A -4 0
4298 A -2 0
4300 A
4302 A 1 0
4304 A 3 0
4306 A 4 0
4308 A 6 0
4310 A 7 0
4312 A 8 0
4314 A 9 0
4316 A 11 0
4318 A 12 0
4322 A 13 0
4326 A 14 0
4336 A 13 0
4338 A 12 0
4342 A 11 0
4344 A 10 0
4346 A 8 0
4348 A 7 0
4350 A 6 0
4352 A 5 0
4354 A 4 0
4356 A 3 0
4358 A 2 0
4360 A
4366 A -1 0
4368 A -2 0
4372 A -4 0
4374 A -5 0
4378 A -6 0
4380 A -7 0
4382 A -8 0
4386 A -9 0
4388 A -10 0
4392 A -11 0
4394 A -10 0
4396 A -11 0
4404 A -10 0
4408 A -11 0
4410 A -10 0
4424 A -9 0
4432 A -8 0
4436 A -7 0
4438 A -6 0
4440 A -5 0
4444 A -4 0
4452 A -5 0
4454 B -5 0
4456 B -6 0
4460 B -7 0
4466 B -8 0
4472 B -7 0
4474 B -8 0
4476 B -7 0
4478 B -8 0
4480 B -7 0
4482 B -8 0
4484 B -7 0
4486 B -8 0
4488 B -3 0
4490 B -9 0
4492 B -3 0
4494 B -4 0
4496 B 1 0
4502 B 6 0
4506 B 11 0
4512 B 15 0
4514 - 11 0
4518 - 15 0
4520 - 16 0
4522 - 19 0
4526 - 20 0
4528 - 22 0
4530 - 23 0
4532 - 24 0
4534 - 25 0
4536 - 26 0
4538 - 27 0
4542 - 28 0
4544 - 29 0
4546 - 28 0
4552 - 26 0
4554 - 25 0
4556 A 25 0
4558 A 21 0
4560 A 20 0
4562 A 19 0
4564 A 15 0
4566 A 14 0
4568 A 10 0
4570 A 8 0
4572 A 7 0
4574 A 3 0
4576 A 2 0
4578 A 1 0
4580 A -2 0
4582 A -3 0
4584 A -4 0
4586 A 8 0
4592 A 20 0
4594 A 28 0
4596 A 34 0
4598 A 35 0
4602 A 39 0
4606 A 38 0
4608 B 39 0
4610 A 38 0
4612 A 36 0
4614 A 34 0
4616 A 33 0
4618 A 31 0
4620 A 27 0
4622 A 24 0
4624 A 19 0
4626 A 17 0
4628 A 15 0
4630 A 13 0
4632 A 11 0
4634 A 10 0
4636 A 3 0
4638 A 2 0
4642 A -5 0
4644 A -6 0
4648 A -14 0
4652 A -21 0
4654 A -22 0
4656 A -21 0
4658 A -28 0
4660 A -27 0
4664 A -32 0
4666 A -31 0
4668 A -29 0
4670 A -34 0
4672 A -32 0
4674 A -29 0
4676 A -32 0
4678 A -30 0
4680 A -35 0
4682 A -33 0
4684 A -30 0
4688 A -27 0
4690 A -23 0
4692 A -11 0
4694 A -7 0
4696 A 3 0
4698 A 7 0
4700 B 11 0
4702 B 21 0
4704 B 24 0
4706 B 27 0
4708 - 29 0
4710 - 31 0
4712 - 38 0
4714 - 39 0
4716 - 40 0
4718 - 45 0
4720 - 46 0
4722 - 45 0
4724 - 47 0
4726 - 45 0
4728 - 50 0
4730 - 48 0
4732 - 45 0
4734 - 47 0
4736 - 44 0
4738 A 40 0
4740 A 37 0
4742 A 36 0
4744 A 33 0
4746 A 29 0
4748 A 26 0
4750 A 23 0
4752 A 19 0
4754 A 15 0
4756 A 12 0
4758 A 9 0
4760 A 4 0
4762 A 1 0
4764 A
4766 A -1 0
4768 A -6 0
4770 A -8 0
4772 A -9 0
4774 A -15 0
4776 A -16 0
4778 A -17 0
4780 A -23 0
4786 A -29 0
4788 A -28 0
4790 A -27 0
4792 A -28 0
4794 A -27 0
4796 A -25 0
4800 A -23 0
4802 A -21 0
4806 A -19 0
4808 A -16 0
4812 A -14 0
4814 A -11 0
4818 A -9 0
4820 A -5 0
4822 A -1 0
4824 A
4826 A 2 0
4828 A 5 0
4830 A 7 0
4832 A 8 0
4834 A 10 0
4836 A 11 0
4838 A 12 0
4840 A 13 0
4842 A 12 0
4846 A 11 0
4850 A 10 0
4852 A 9 0
4856 A 8 0
4858 A 7 0
4862 A 5 0
4866 A 4 0
4868 A 3 0
4872 A 4 0
4876 A 5 0
4882 A 6 0
4892 A 7 0
4906 A 9 0
4908 A 8 0
4910 A 9 0
4912 A 7 0
4916 A 6 0
4918 A 7 0
4920 A 5 0
4922 A 6 0
4924 A 4 0
4928 A 3 0
4932 A 4 0
4934 A 2 0
4936 A 3 0
4938 A 1 0
4942 A
4946 A -1 0
4950 A -2 0
4954 A -4 0
4958 A -6 0
4962 A -9 0
4966 A -12 0
4968 A -14 0
4970 A -15 0
4972 A -17 0
4974 A -16 0
4976 A -18 0
4978 A -17 0
4980 A -16 0
4982 A -15 0
4984 B -14 0
4986 A -13 0
4988 B -11 0
4990 B -10 0
4992 B -9 0
4994 B -8 0
4996 B -6 0
4998 B -5 0
5000 B -3 0
5002 - -3 0
5004 - -1 0
5008 -
5010 - 1 0
5012 - 3 0
5014 - 4 0
5016 - 6 0
5018 - 7 0
5020 - 9 0
5024 - 12 0
5028 - 14 0
5032 B 15 0
5036 B 14 0
5038 B 13 0
5040 B 12 0
5042 B 13 0
5044 A 12 0
5046 B 17 0
5048 B 16 0
5050 B 19 0
5052 B 18 0
5054 B 17 0
5056 B 19 0
5058 A 18 0
5060 B 19 0
5062 B 18 0
5064 - 16 0
5066 - 15 0
5068 - 14 0
5070 - 13 0
5074 - 12 0
5076 - 11 0
5078 A 10 0
5080 A 9 0
5082 A 8 0
5084 A 7 0
5086 A 6 0
5088 A 4 0
5090 A 3 0
5094 A 8 0
5096 A 7 0
5098 A 8 0
5100 A 12 0
5104 B 15 0
5106 A 15 0
5110 A 17 0
5114 A 18 0
5122 A 17 0
5126 A 15 0
5132 A 12 0
5136 A 9 0
5138 A 8 0
5142 A 12 0
5146 A 15 0
5150 A 16 0
5152 A 17 0
5156 A 18 0
5160 A 17 0
5166 A 15 0
5168 A 14 0
5170 A 12 0
5172 A 11 0
5176 A 8 0
5178 A 7 0
5182 A 3 0
5186 A
5200 A -1 0
5204 A
5206 A -2 0
5208 A -1 0
5210 A -3 0
5214 A -5 0
5216 A -4 0
5220 A -6 0
5224 A -8 0
5230 A -4 0
5234 A
5238 A 2 0
5240 A 3 0
5242 A 5 0
5244 A 6 0
5246 A 9 0
5248 A 10 0
5250 A 11 0
5252 A 12 0
5254 A 13 0
5264 A 12 0
5268 A 10 0
5272 A 8 0
5276 A 6 0
5278 A 5 0
5280 A
5284 A -5 0
5286 A -6 0
5288 B -11 0
5290 - -11 0
5292 - -16 0
5296 - -20 0
5300 - -23 0
5306 - -25 0
5308 - -24 0
5310 - -25 0
5312 - -23 0
5316 - -21 0
5320 A -19 0
5322 A -17 0
5324 A -15 0
5326 A -13 0
5328 A -11 0
5330 A -9 0
5332 A -7 0
5334 A -5 0
5336 A -3 0
5338 A -1 0
5340 A
5342 A 1 0
5344 A 2 0
5346 A 4 0
5348 A 5 0
5350 A 7 0
5352 A 8 0
5354 A 10 0
5358 A 13 0
5362 A 15 0
5366 A 18 0
5370 A 19 0
5374 A 20 0
5376 A 19 0
5378 A 15 0
5380 A 13 0
5382 A 9 0
5384 A 7 0
5386 A 3 0
5388 A 1 0
5390 A -1 0
5392 A -3 0
5394 B -6 0
5396 B -8 0
5398 - -10 0
5400 - -12 0
5402 - -14 0
5404 - -15 0
5406 - -17 0
5408 - -19 0
5410 - -20 0
5412 - -21 0
5414 - -22 0
5416 - -23 0
5420 - -24 0
5428 - -25 0
5430 - -24 0
5432 - -25 0
5442 - -28 0
5444 - -29 0
5446 - -30 0
5448 - -31 0
5450 - -32 0
5456 B -32 0
5458 B -31 0
5460 B -29 0
5462 B -27 0
5464 B -24 0
5466 A -22 0
5468 A -20 0
5470 A -15 0
5472 A -13 0
5474 A -8 0
5476 A -6 0
5478 A -5 0
5480 A
5482 A 1 0
5484 A 5 0
5486 A 7 0
5488 A 6 0
5490 A 7 0
5492 A 8 0
5494 A 7 0
5502 B 7 0
5506 A 7 0
5512 B 7 0
5516 B 6 0
5518 B 7 0
5522 A 6 0
5524 B 7 0
5526 B 6 0
5528 B 8 0
5530 - 4 0
5532 - 3 0
5534 - 5 0
5538 - 4 0
5540 - 6 0
5544 - 5 0
5546 - 7 0
5550 - 6 0
5552 - 9 0
5554 - 8 0
5558 -
5560 - -1 0
5562 - -2 0
5564 - -9 0
5566 - -10 0
5568 - -12 0
5570 - -17 0
5572 - -19 0
5574 - -20 0
5576 - -24 0
5578 - -25 0
5582 - -27 0
5584 - -28 0
5590 - -27 0
5592 - -26 0
5594 - -25 0
5596 - -24 0
5598 A -23 0
5600 A -20 0
5602 A -18 0
5604 A -17 0
5606 A -16 0
5608 A -12 0
5610 A -11 0
5612 A -9 0
5614 A -5 0
5616 A -4 0
5618 A -3 0
5620 A -14 0
5626 - -23 0
5628 - -24 0
5632 - -31 0
5638 - -34 0
5646 - -33 0
5648 - -32 0
5650 - -30 0
5652 - -29 0
5654 - -27 0
5656 - -26 0
5658 A -24 0
5660 A -23 0
5662 A -18 0
5664 A -16 0
5666 A -15 0
5668 A -9 0
5670 A -7 0
5672 A -6 0
5676 A 1 0
5680 A 2 0
5682 A 9 0
5684 A 10 0
5688 A 17 0
5690 A 18 0
5696 A 24 0
5700 A 23 0
5702 A 29 0
5704 A 28 0
5706 A 27 0
5708 A 32 0
5710 A 30 0
5712 A 29 0
5714 A 32 0
5716 A 30 0
5718 A 28 0
5720 A 26 0
5722 A 28 0
5724 A 25 0
5726 A 23 0
5728 A 24 0
5730 A 21 0
5732 A 18 0
5734 A 1 0
5736 A -2 0
5738 A -18 0
5740 A -22 0
5742 - -37 0
5744 - -49 0
5746 - -52 0
5748 - -45 0
5750 - -56 0
5754 - -57 0
5756 A -64 0
5758 A -63 0
5762 A -68 0
5766 A -65 0
5768 A -63 0
5770 A -60 0
5772 A -56 0
5774 A -53 0
5776 A -47 0
5778 A -43 0
5780 A -39 0
5782 A -31 0
5784 A -26 0
5786 A -17 0
5788 A -13 0
5790 A -9 0
5792 A
5794 A 3 0
5796 A 6 0
5798 A 9 0
5800 A 12 0
5804 A 10 0
5806 A 7 0
5808 A 8 0
5810 A 5 0
5812 A 3 0
5814 A 5 0
5816 A 3 0
5818 A 5 0
5820 A 3 0
5822 A 1 0
5824 A 4 0
5826 A 2 0
5828 A 5 0
5830 A 4 0
5832 A 3 0
5834 A 6 0
5836 A 5 0
5840 A 8 0
5842 A 7 0
5844 A 10 0
5846 A 9 0
5850 A 12 0
5854 A 14 0
5858 A 16 0
5860 A 15 0
5862 A 14 0
5864 A 12 0
5866 A 10 0
5868 A 7 0
5870 A 6 0
5872 A 3 0
5874 A 2 0
5876 A -1 0
5878 A -3 0
5880 A -5 0
5882 A -7 0
5884 A -9 0
5886 A -10 0
5888 A -12 0
5890 A -13 0
5892 A -14 0
5894 A -15 0
5898 -
